,Meas. Pts.,Sliding Speed,Friction Factor,Frictional Force,Normal Force
0,1,4.77e-06,0.218,0.306,0.994
1,2,4.79e-06,0.343,0.484,0.996
2,3,4.9e-06,0.392,0.553,0.998
3,4,4.98e-06,0.4,0.564,0.998
4,5,5.06e-06,0.411,0.58,0.998
5,6,5.15e-06,0.425,0.599,0.997
6,7,5.25e-06,0.434,0.612,0.997
7,8,5.33e-06,0.441,0.621,0.996
8,9,5.44e-06,0.446,0.629,0.996
9,10,5.56e-06,0.448,0.63,0.995
10,11,5.65e-06,0.45,0.634,0.996
11,12,5.75e-06,0.452,0.637,0.996
12,13,5.86e-06,0.451,0.635,0.995
13,14,5.96e-06,0.45,0.634,0.996
14,15,6.07e-06,0.45,0.634,0.995
15,16,6.2e-06,0.453,0.638,0.995
16,17,6.32e-06,0.453,0.637,0.996
17,18,6.43e-06,0.451,0.635,0.995
18,19,6.55e-06,0.452,0.636,0.995
19,20,6.66e-06,0.447,0.63,0.995
20,21,6.79e-06,0.44,0.62,0.995
21,22,6.91e-06,0.433,0.61,0.995
22,23,7.04e-06,0.427,0.6,0.994
23,24,7.19e-06,0.418,0.588,0.995
24,25,7.32e-06,0.411,0.577,0.994
25,26,7.45e-06,0.405,0.569,0.994
26,27,7.58e-06,0.404,0.568,0.996
27,28,7.72e-06,0.4,0.563,0.995
28,29,7.86e-06,0.397,0.558,0.994
29,30,8.01e-06,0.391,0.551,0.995
30,31,8.16e-06,0.384,0.541,0.994
31,32,8.31e-06,0.381,0.536,0.995
32,33,8.46e-06,0.381,0.536,0.995
33,34,8.61e-06,0.378,0.531,0.995
34,35,8.77e-06,0.377,0.531,0.996
35,36,8.94e-06,0.376,0.53,0.996
36,37,9.11e-06,0.372,0.524,0.996
37,38,9.29e-06,0.365,0.514,0.997
38,39,9.46e-06,0.357,0.503,0.997
39,40,9.62e-06,0.348,0.491,0.997
40,41,9.8e-06,0.343,0.484,0.996
41,42,9.98e-06,0.343,0.484,0.997
42,43,1.02e-05,0.342,0.482,0.996
43,44,1.04e-05,0.339,0.479,0.997
44,45,1.06e-05,0.338,0.476,0.997
45,46,1.07e-05,0.336,0.474,0.998
46,47,1.09e-05,0.333,0.471,0.998
47,48,1.11e-05,0.331,0.468,0.998
48,49,1.14e-05,0.331,0.467,0.998
49,50,1.16e-05,0.332,0.469,0.999
50,51,1.18e-05,0.333,0.471,1.0
51,52,1.2e-05,0.334,0.472,1.0
52,53,1.22e-05,0.335,0.474,0.999
53,54,1.24e-05,0.334,0.473,1.0
54,55,1.27e-05,0.336,0.475,0.999
55,56,1.29e-05,0.336,0.475,1.0
56,57,1.32e-05,0.338,0.478,1.0
57,58,1.34e-05,0.339,0.479,0.999
58,59,1.36e-05,0.344,0.486,1.0
59,60,1.39e-05,0.355,0.502,1.0
60,61,1.42e-05,0.356,0.504,1.0
61,62,1.44e-05,0.358,0.507,1.0
62,63,1.47e-05,0.352,0.498,1.0
63,64,1.5e-05,0.346,0.49,0.999
64,65,1.52e-05,0.352,0.497,0.998
65,66,1.55e-05,0.357,0.504,0.999
66,67,1.58e-05,0.362,0.511,0.998
67,68,1.61e-05,0.362,0.511,0.998
68,69,1.64e-05,0.373,0.527,0.998
69,70,1.67e-05,0.384,0.543,0.999
70,71,1.7e-05,0.386,0.545,0.998
71,72,1.73e-05,0.391,0.553,0.998
72,73,1.76e-05,0.397,0.561,0.998
73,74,1.8e-05,0.395,0.558,0.999
74,75,1.83e-05,0.409,0.578,0.999
75,76,1.87e-05,0.421,0.595,1.0
76,77,1.9e-05,0.412,0.583,1.0
77,78,1.94e-05,0.399,0.565,1.0
78,79,1.97e-05,0.398,0.564,1.0
79,80,2.01e-05,0.406,0.575,1.0
80,81,2.04e-05,0.399,0.564,1.0
81,82,2.08e-05,0.395,0.56,1.0
82,83,2.12e-05,0.395,0.56,1.0
83,84,2.16e-05,0.389,0.551,1.0
84,85,2.2e-05,0.385,0.546,1.0
85,86,2.24e-05,0.387,0.549,1.0
86,87,2.28e-05,0.387,0.55,1.0
87,88,2.32e-05,0.374,0.531,1.0
88,89,2.37e-05,0.376,0.535,1.01
89,90,2.41e-05,0.374,0.533,1.01
90,91,2.46e-05,0.371,0.529,1.01
91,92,2.5e-05,0.373,0.531,1.01
92,93,2.55e-05,0.373,0.531,1.01
93,94,2.6e-05,0.374,0.533,1.01
94,95,2.64e-05,0.371,0.528,1.01
95,96,2.69e-05,0.362,0.515,1.01
96,97,2.74e-05,0.35,0.499,1.01
97,98,2.79e-05,0.344,0.491,1.01
98,99,2.84e-05,0.356,0.509,1.01
99,100,2.9e-05,0.361,0.516,1.01
100,101,2.95e-05,0.372,0.533,1.01
101,102,3.01e-05,0.377,0.539,1.01
102,103,3.06e-05,0.372,0.533,1.01
103,104,3.12e-05,0.377,0.541,1.01
104,105,3.18e-05,0.367,0.526,1.01
105,106,3.23e-05,0.365,0.523,1.02
106,107,3.3e-05,0.361,0.519,1.02
107,108,3.35e-05,0.356,0.512,1.02
108,109,3.42e-05,0.36,0.519,1.02
109,110,3.48e-05,0.353,0.509,1.02
110,111,3.55e-05,0.359,0.519,1.02
111,112,3.61e-05,0.364,0.527,1.02
112,113,3.68e-05,0.364,0.527,1.02
113,114,3.75e-05,0.379,0.548,1.02
114,115,3.82e-05,0.38,0.551,1.02
115,116,3.89e-05,0.364,0.528,1.03
116,117,3.96e-05,0.358,0.519,1.03
117,118,4.03e-05,0.346,0.501,1.02
118,119,4.11e-05,0.354,0.507,1.01
119,120,4.18e-05,0.371,0.533,1.01
120,121,4.26e-05,0.408,0.585,1.01
121,122,4.34e-05,0.414,0.594,1.02
122,123,4.42e-05,0.405,0.583,1.02
123,124,4.5e-05,0.405,0.584,1.02
124,125,4.59e-05,0.399,0.577,1.02
125,126,4.67e-05,0.395,0.573,1.02
126,127,4.76e-05,0.423,0.613,1.03
127,128,4.85e-05,0.427,0.621,1.03
128,129,4.94e-05,0.405,0.592,1.03
129,130,5.03e-05,0.389,0.565,1.03
130,131,5.12e-05,0.373,0.541,1.03
131,132,5.21e-05,0.378,0.549,1.03
132,133,5.31e-05,0.38,0.555,1.03
133,134,5.42e-05,0.383,0.552,1.02
134,135,5.51e-05,0.362,0.522,1.02
135,136,5.61e-05,0.353,0.51,1.02
136,137,5.72e-05,0.363,0.525,1.02
137,138,5.83e-05,0.376,0.546,1.03
138,139,5.93e-05,0.378,0.549,1.03
139,140,6.04e-05,0.355,0.516,1.03
140,141,6.15e-05,0.354,0.513,1.03
141,142,6.26e-05,0.388,0.562,1.02
142,143,6.38e-05,0.414,0.601,1.03
143,144,6.5e-05,0.384,0.555,1.02
144,145,6.62e-05,0.354,0.512,1.02
145,146,6.74e-05,0.347,0.503,1.02
146,147,6.87e-05,0.371,0.538,1.02
147,148,7e-05,0.356,0.515,1.02
148,149,7.13e-05,0.34,0.493,1.03
149,150,7.26e-05,0.338,0.491,1.03
150,151,7.4e-05,0.368,0.535,1.03
151,152,7.53e-05,0.367,0.534,1.03
152,153,7.67e-05,0.349,0.501,1.01
153,154,7.82e-05,0.378,0.544,1.02
154,155,7.96e-05,0.366,0.528,1.02
155,156,8.11e-05,0.355,0.512,1.02
156,157,8.25e-05,0.324,0.469,1.02
157,158,8.41e-05,0.342,0.495,1.02
158,159,8.56e-05,0.331,0.478,1.02
159,160,8.72e-05,0.34,0.493,1.02
160,161,8.89e-05,0.323,0.469,1.03
161,162,9.06e-05,0.338,0.491,1.03
162,163,9.22e-05,0.328,0.477,1.03
163,164,9.38e-05,0.317,0.463,1.03
164,165,9.56e-05,0.318,0.463,1.03
165,166,9.74e-05,0.333,0.482,1.02
166,167,9.91e-05,0.326,0.473,1.03
167,168,0.000101,0.331,0.48,1.03
168,169,0.000103,0.341,0.492,1.02
169,170,0.000105,0.352,0.507,1.02
170,171,0.000107,0.373,0.538,1.02
171,172,0.000109,0.323,0.466,1.02
172,173,0.000111,0.331,0.48,1.03
173,174,0.000113,0.337,0.491,1.03
174,175,0.000115,0.345,0.504,1.03
175,176,0.000117,0.361,0.525,1.03
176,177,0.000119,0.334,0.487,1.03
177,178,0.000121,0.323,0.47,1.03
178,179,0.000124,0.327,0.467,1.01
179,180,0.000126,0.342,0.49,1.01
180,181,0.000128,0.318,0.458,1.02
181,182,0.000131,0.357,0.515,1.02
182,183,0.000133,0.359,0.52,1.02
183,184,0.000136,0.354,0.515,1.03
184,185,0.000138,0.329,0.477,1.03
185,186,0.000141,0.325,0.475,1.03
186,187,0.000143,0.311,0.455,1.03
187,188,0.000146,0.317,0.463,1.03
188,189,0.000148,0.291,0.426,1.03
189,190,0.000151,0.33,0.483,1.04
190,191,0.000154,0.324,0.474,1.03
191,192,0.000157,0.329,0.482,1.04
192,193,0.00016,0.312,0.448,1.01
193,194,0.000163,0.306,0.439,1.01
194,195,0.000166,0.342,0.49,1.01
195,196,0.000169,0.357,0.512,1.02
196,197,0.000172,0.336,0.482,1.02
197,198,0.000175,0.394,0.567,1.02
198,199,0.000179,0.402,0.577,1.01
199,200,0.000182,0.348,0.497,1.01
200,201,0.000185,0.345,0.489,1.0
201,202,0.000189,0.318,0.449,0.998
202,203,0.000192,0.304,0.428,0.997
203,204,0.000196,0.312,0.439,0.994
204,205,0.000199,0.368,0.515,0.99
205,206,0.000203,0.332,0.463,0.987
206,207,0.000207,0.324,0.449,0.98
207,208,0.000211,0.329,0.453,0.972
208,209,0.000214,0.334,0.456,0.965
209,210,0.000219,0.357,0.489,0.968
210,211,0.000223,0.35,0.48,0.969
211,212,0.000227,0.337,0.458,0.962
212,213,0.000231,0.309,0.421,0.965
213,214,0.000235,0.324,0.443,0.967
214,215,0.000239,0.326,0.452,0.979
215,216,0.000244,0.334,0.461,0.978
216,217,0.000249,0.326,0.449,0.974
217,218,0.000253,0.316,0.436,0.975
218,219,0.000258,0.328,0.448,0.967
219,220,0.000263,0.341,0.466,0.965
220,221,0.000267,0.287,0.392,0.966
221,222,0.000272,0.314,0.431,0.969
222,223,0.000277,0.293,0.404,0.975
223,224,0.000283,0.308,0.425,0.976
224,225,0.000288,0.313,0.429,0.971
225,226,0.000293,0.331,0.455,0.97
226,227,0.000298,0.318,0.433,0.962
227,228,0.000304,0.326,0.448,0.973
228,229,0.00031,0.279,0.382,0.968
229,230,0.000316,0.331,0.456,0.973
230,231,0.000321,0.303,0.418,0.975
231,232,0.000327,0.298,0.41,0.972
232,233,0.000333,0.331,0.45,0.962
233,234,0.00034,0.301,0.413,0.971
234,235,0.000346,0.301,0.412,0.968
235,236,0.000352,0.328,0.449,0.967
236,237,0.000359,0.331,0.454,0.968
237,238,0.000365,0.305,0.422,0.977
238,239,0.000372,0.292,0.406,0.983
239,240,0.000379,0.294,0.411,0.99
240,241,0.000386,0.32,0.453,1.0
241,242,0.000393,0.342,0.492,1.02
242,243,0.0004,0.382,0.551,1.02
243,244,0.000408,0.367,0.535,1.03
244,245,0.000416,0.346,0.505,1.03
245,246,0.000423,0.347,0.506,1.03
246,247,0.000431,0.334,0.485,1.03
247,248,0.000439,0.351,0.512,1.03
248,249,0.000447,0.375,0.543,1.03
249,250,0.000456,0.38,0.558,1.04
250,251,0.000464,0.352,0.521,1.05
251,252,0.000472,0.304,0.448,1.04
252,253,0.000481,0.335,0.491,1.04
253,254,0.00049,0.368,0.544,1.05
254,255,0.000499,0.355,0.517,1.03
255,256,0.000509,0.335,0.487,1.03
256,257,0.000518,0.323,0.472,1.03
257,258,0.000528,0.288,0.419,1.03
258,259,0.000538,0.291,0.419,1.02
259,260,0.000547,0.31,0.437,0.998
260,261,0.000558,0.298,0.415,0.984
261,262,0.000568,0.315,0.428,0.96
262,263,0.000579,0.32,0.432,0.955
263,264,0.000589,0.318,0.431,0.958
264,265,0.0006,0.313,0.421,0.949
265,266,0.000611,0.331,0.444,0.948
266,267,0.000622,0.322,0.441,0.967
267,268,0.000634,0.338,0.459,0.96
268,269,0.000646,0.326,0.442,0.956
269,270,0.000658,0.345,0.468,0.958
270,271,0.00067,0.343,0.465,0.96
271,272,0.000682,0.348,0.471,0.957
272,273,0.000695,0.343,0.469,0.965
273,274,0.000708,0.348,0.481,0.977
274,275,0.000721,0.367,0.514,0.99
275,276,0.000735,0.377,0.543,1.02
276,277,0.000748,0.368,0.544,1.04
277,278,0.000762,0.348,0.516,1.05
278,279,0.000776,0.354,0.522,1.04
279,280,0.00079,0.401,0.591,1.04
280,281,0.000805,0.39,0.584,1.06
281,282,0.00082,0.349,0.52,1.05
282,283,0.000835,0.354,0.538,1.07
283,284,0.00085,0.348,0.515,1.05
284,285,0.000867,0.35,0.509,1.03
285,286,0.000883,0.326,0.463,1.0
286,287,0.000899,0.33,0.454,0.973
287,288,0.000916,0.32,0.425,0.938
288,289,0.000932,0.327,0.436,0.942
289,290,0.00095,0.332,0.447,0.95
290,291,0.000968,0.351,0.477,0.963
291,292,0.000985,0.34,0.461,0.958
292,293,0.001,0.354,0.48,0.959
293,294,0.00102,0.338,0.462,0.964
294,295,0.00104,0.358,0.493,0.974
295,296,0.00106,0.368,0.515,0.99
296,297,0.00108,0.376,0.546,1.03
297,298,0.0011,0.347,0.518,1.05
298,299,0.00112,0.334,0.499,1.05
299,300,0.00114,0.366,0.551,1.06
300,301,0.00116,0.352,0.529,1.06
301,302,0.00118,0.358,0.541,1.07
302,303,0.00121,0.347,0.512,1.04
303,304,0.00123,0.325,0.466,1.02
304,305,0.00125,0.344,0.474,0.973
305,306,0.00127,0.339,0.446,0.93
306,307,0.0013,0.338,0.439,0.92
307,308,0.00132,0.346,0.46,0.94
308,309,0.00135,0.323,0.43,0.943
309,310,0.00137,0.349,0.465,0.943
310,311,0.0014,0.352,0.476,0.955
311,312,0.00142,0.359,0.506,0.997
312,313,0.00145,0.366,0.531,1.03
313,314,0.00148,0.379,0.556,1.04
314,315,0.0015,0.355,0.534,1.06
315,316,0.00153,0.376,0.577,1.08
316,317,0.00156,0.317,0.469,1.05
317,318,0.00159,0.324,0.455,0.992
318,319,0.00162,0.337,0.449,0.942
319,320,0.00165,0.344,0.444,0.913
320,321,0.00168,0.35,0.466,0.94
321,322,0.00171,0.349,0.466,0.943
322,323,0.00174,0.357,0.489,0.969
323,324,0.00177,0.376,0.545,1.02
324,325,0.00181,0.373,0.564,1.07
325,326,0.00184,0.387,0.604,1.1
326,327,0.00187,0.361,0.567,1.11
327,328,0.00191,0.349,0.513,1.04
328,329,0.00194,0.328,0.445,0.96
329,330,0.00198,0.339,0.437,0.911
330,331,0.00202,0.345,0.46,0.943
331,332,0.00205,0.339,0.454,0.947
332,333,0.00209,0.355,0.492,0.982
333,334,0.00213,0.349,0.52,1.05
334,335,0.00217,0.364,0.556,1.08
335,336,0.00221,0.36,0.569,1.12
336,337,0.00225,0.336,0.505,1.06
337,338,0.00229,0.327,0.446,0.964
338,339,0.00234,0.318,0.42,0.933
339,340,0.00238,0.328,0.435,0.939
340,341,0.00242,0.344,0.464,0.954
341,342,0.00247,0.366,0.524,1.01
342,343,0.00251,0.36,0.532,1.04
343,344,0.00256,0.363,0.56,1.09
344,345,0.00261,0.309,0.455,1.04
345,346,0.00266,0.314,0.422,0.949
346,347,0.00271,0.334,0.428,0.906
347,348,0.00276,0.33,0.429,0.919
348,349,0.00281,0.345,0.493,1.01
349,350,0.00286,0.382,0.584,1.08
350,351,0.00291,0.333,0.528,1.12
351,352,0.00297,0.304,0.438,1.02
352,353,0.00302,0.314,0.406,0.914
353,354,0.00308,0.32,0.426,0.94
354,355,0.00313,0.342,0.483,0.999
355,356,0.00319,0.336,0.513,1.08
356,357,0.00325,0.341,0.556,1.15
357,358,0.00331,0.312,0.458,1.04
358,359,0.00337,0.306,0.411,0.95
359,360,0.00344,0.322,0.411,0.902
360,361,0.0035,0.348,0.482,0.98
361,362,0.00356,0.332,0.491,1.05
362,363,0.00363,0.302,0.46,1.08
363,364,0.0037,0.307,0.411,0.948
364,365,0.00377,0.308,0.39,0.895
365,366,0.00384,0.328,0.446,0.962
366,367,0.00391,0.339,0.517,1.08
367,368,0.00398,0.306,0.453,1.05
368,369,0.00405,0.304,0.387,0.901
369,370,0.00413,0.311,0.397,0.902
370,371,0.00421,0.326,0.482,1.05
371,372,0.00428,0.324,0.522,1.14
372,373,0.00436,0.291,0.421,1.02
373,374,0.00444,0.312,0.412,0.934
374,375,0.00453,0.319,0.433,0.96
375,376,0.00461,0.32,0.483,1.07
376,377,0.00469,0.277,0.401,1.02
377,378,0.00478,0.304,0.393,0.915
378,379,0.00487,0.309,0.434,0.993
379,380,0.00496,0.302,0.487,1.14
380,381,0.00505,0.276,0.39,1.0
381,382,0.00515,0.297,0.385,0.917
382,383,0.00524,0.312,0.46,1.04
383,384,0.00534,0.306,0.493,1.14
384,385,0.00544,0.279,0.382,0.969
385,386,0.00554,0.299,0.393,0.931
386,387,0.00564,0.309,0.463,1.06
387,388,0.00575,0.272,0.38,0.987
388,389,0.00585,0.285,0.364,0.905
389,390,0.00596,0.314,0.473,1.06
390,391,0.00607,0.259,0.378,1.03
391,392,0.00618,0.283,0.371,0.928
392,393,0.0063,0.302,0.465,1.09
393,394,0.00641,0.27,0.402,1.05
394,395,0.00653,0.285,0.372,0.922
395,396,0.00666,0.288,0.42,1.03
396,397,0.00678,0.262,0.363,0.981
397,398,0.0069,0.28,0.359,0.907
398,399,0.00703,0.282,0.44,1.1
399,400,0.00716,0.263,0.345,0.927
400,401,0.00729,0.291,0.42,1.02
401,402,0.00743,0.268,0.411,1.09
402,403,0.00757,0.273,0.352,0.91
403,404,0.00771,0.283,0.422,1.06
404,405,0.00785,0.264,0.345,0.925
405,406,0.008,0.285,0.405,1.01
406,407,0.00814,0.24,0.334,0.984
407,408,0.0083,0.271,0.36,0.938
408,409,0.00845,0.265,0.413,1.1
409,410,0.0086,0.26,0.343,0.931
410,411,0.00877,0.267,0.416,1.1
411,412,0.00893,0.256,0.33,0.913
412,413,0.00909,0.262,0.408,1.1
413,414,0.00926,0.253,0.329,0.919
414,415,0.00944,0.271,0.432,1.13
415,416,0.00961,0.26,0.35,0.954
416,417,0.00979,0.258,0.397,1.09
417,418,0.00997,0.247,0.315,0.902
418,419,0.0102,0.237,0.365,1.09
419,420,0.0103,0.253,0.332,0.926
420,421,0.0105,0.24,0.362,1.07
421,422,0.0107,0.25,0.336,0.949
422,423,0.0109,0.235,0.316,0.95
423,424,0.0111,0.244,0.37,1.07
424,425,0.0113,0.237,0.308,0.918
425,426,0.0115,0.239,0.369,1.09
426,427,0.0118,0.245,0.338,0.973
427,428,0.012,0.23,0.305,0.94
428,429,0.0122,0.228,0.349,1.08
429,430,0.0124,0.243,0.327,0.951
430,431,0.0127,0.218,0.298,0.967
431,432,0.0129,0.229,0.344,1.06
432,433,0.0131,0.234,0.311,0.942
433,434,0.0134,0.218,0.28,0.908
434,435,0.0136,0.221,0.336,1.07
435,436,0.0139,0.235,0.347,1.04
436,437,0.0141,0.216,0.281,0.922
437,438,0.0144,0.207,0.271,0.925
438,439,0.0147,0.215,0.329,1.08
439,440,0.0149,0.222,0.333,1.06
440,441,0.0152,0.219,0.305,0.987
441,442,0.0155,0.218,0.287,0.93
442,443,0.0158,0.205,0.28,0.965
443,444,0.0161,0.203,0.285,0.993
444,445,0.0164,0.192,0.284,1.04
445,446,0.0167,0.218,0.34,1.1
446,447,0.017,0.213,0.315,1.04
447,448,0.0173,0.203,0.294,1.03
448,449,0.0176,0.216,0.306,1.0
449,450,0.0179,0.204,0.278,0.963
450,451,0.0183,0.2,0.269,0.951
451,452,0.0186,0.212,0.289,0.962
452,453,0.019,0.204,0.271,0.938
453,454,0.0193,0.197,0.263,0.943
454,455,0.0197,0.21,0.295,0.992
455,456,0.02,0.2,0.282,0.997
456,457,0.0204,0.189,0.277,1.03
457,458,0.0208,0.201,0.306,1.08
458,459,0.0212,0.186,0.271,1.03
459,460,0.0216,0.173,0.247,1.01
460,461,0.022,0.179,0.25,0.99
461,462,0.0224,0.184,0.247,0.947
462,463,0.0228,0.199,0.287,1.02
463,464,0.0232,0.184,0.271,1.04
464,465,0.0236,0.168,0.238,1.0
465,466,0.0241,0.176,0.238,0.956
466,467,0.0245,0.172,0.244,1.0
467,468,0.025,0.178,0.264,1.05
468,469,0.0254,0.168,0.223,0.94
469,470,0.0259,0.184,0.27,1.04
470,471,0.0264,0.168,0.238,0.999
471,472,0.0269,0.179,0.25,0.99
472,473,0.0274,0.167,0.241,1.02
473,474,0.0279,0.17,0.235,0.974
474,475,0.0284,0.165,0.236,1.01
475,476,0.0289,0.171,0.236,0.978
476,477,0.0295,0.16,0.225,0.993
477,478,0.03,0.172,0.248,1.02
478,479,0.0306,0.157,0.218,0.979
479,480,0.0311,0.165,0.243,1.04
480,481,0.0317,0.155,0.217,0.994
481,482,0.0323,0.156,0.222,1.0
482,483,0.0329,0.148,0.209,0.997
483,484,0.0335,0.154,0.218,1.0
484,485,0.0341,0.16,0.228,1.01
485,486,0.0348,0.147,0.205,0.985
486,487,0.0354,0.151,0.215,1.01
487,488,0.0361,0.148,0.207,0.991
488,489,0.0367,0.145,0.202,0.987
489,490,0.0374,0.152,0.219,1.02
490,491,0.0381,0.145,0.203,0.993
491,492,0.0388,0.144,0.201,0.989
492,493,0.0395,0.144,0.207,1.02
493,494,0.0403,0.148,0.21,1.01
494,495,0.041,0.138,0.192,0.988
495,496,0.0418,0.143,0.2,0.987
496,497,0.0425,0.146,0.21,1.01
497,498,0.0433,0.142,0.204,1.01
498,499,0.0441,0.132,0.183,0.981
499,500,0.045,0.136,0.188,0.982
500,501,0.0458,0.136,0.196,1.02
501,502,0.0466,0.14,0.199,1.0
502,503,0.0475,0.136,0.196,1.02
503,504,0.0484,0.131,0.181,0.98
504,505,0.0493,0.123,0.172,0.984
505,506,0.0502,0.127,0.181,1.01
506,507,0.0511,0.127,0.175,0.975
507,508,0.0521,0.126,0.176,0.983
508,509,0.053,0.126,0.18,1.01
509,510,0.054,0.126,0.183,1.03
510,511,0.055,0.127,0.184,1.03
511,512,0.056,0.127,0.184,1.03
512,513,0.0571,0.125,0.181,1.03
513,514,0.0581,0.123,0.179,1.03
514,515,0.0592,0.121,0.173,1.02
515,516,0.0603,0.117,0.165,0.99
516,517,0.0614,0.119,0.165,0.981
517,518,0.0626,0.115,0.163,1.0
518,519,0.0637,0.114,0.158,0.984
519,520,0.0649,0.118,0.165,0.99
520,521,0.0661,0.116,0.166,1.01
521,522,0.0673,0.119,0.169,1.01
522,523,0.0686,0.112,0.158,0.993
523,524,0.0699,0.109,0.153,0.992
524,525,0.0711,0.111,0.158,1.0
525,526,0.0725,0.113,0.16,1.0
526,527,0.0738,0.107,0.151,0.995
527,528,0.0752,0.108,0.153,0.995
528,529,0.0766,0.11,0.155,1.0
529,530,0.078,0.103,0.145,0.997
530,531,0.0794,0.106,0.149,0.996
531,532,0.0809,0.106,0.151,1.0
532,533,0.0824,0.104,0.147,1.0
533,534,0.0839,0.105,0.147,0.992
534,535,0.0855,0.102,0.145,1.0
535,536,0.0871,0.103,0.145,0.996
536,537,0.0887,0.0995,0.14,0.993
537,538,0.0903,0.0956,0.136,1.0
538,539,0.092,0.0978,0.14,1.01
539,540,0.0937,0.0969,0.138,1.0
540,541,0.0955,0.0961,0.137,1.01
541,542,0.0972,0.0957,0.136,1.0
542,543,0.099,0.0946,0.132,0.989
543,544,0.101,0.0954,0.134,0.991
544,545,0.103,0.0929,0.131,1.0
545,546,0.105,0.0934,0.132,0.997
546,547,0.107,0.0917,0.129,0.992
547,548,0.109,0.0928,0.131,0.997
548,549,0.111,0.0904,0.128,1.0
549,550,0.113,0.0906,0.128,0.997
550,551,0.115,0.0899,0.127,0.995
551,552,0.117,0.0883,0.124,0.993
552,553,0.119,0.088,0.125,1.0
553,554,0.121,0.0879,0.123,0.986
554,555,0.123,0.0876,0.124,1.0
555,556,0.126,0.0878,0.123,0.994
556,557,0.128,0.0857,0.12,0.994
557,558,0.13,0.0843,0.119,0.997
558,559,0.133,0.0842,0.12,1.0
559,560,0.135,0.084,0.118,0.99
560,561,0.138,0.0861,0.121,0.994
561,562,0.14,0.0813,0.115,1.0
562,563,0.143,0.0852,0.12,0.997
563,564,0.146,0.0807,0.114,0.997
564,565,0.148,0.0831,0.118,1.0
565,566,0.151,0.0801,0.112,0.994
566,567,0.154,0.0801,0.113,0.996
567,568,0.157,0.0807,0.114,1.0
568,569,0.16,0.0823,0.116,1.0
569,570,0.163,0.0819,0.116,0.998
570,571,0.166,0.0849,0.12,1.0
571,572,0.169,0.0845,0.12,1.0
572,573,0.172,0.0853,0.122,1.01
573,574,0.175,0.0828,0.118,1.01
574,575,0.178,0.0861,0.123,1.01
575,576,0.182,0.0832,0.119,1.01
576,577,0.185,0.0841,0.12,1.01
577,578,0.188,0.0871,0.127,1.03
578,579,0.192,0.0888,0.129,1.03
579,580,0.195,0.0869,0.127,1.03
580,581,0.199,0.0889,0.129,1.02
581,582,0.203,0.0902,0.132,1.03
582,583,0.206,0.0963,0.142,1.05
583,584,0.21,0.0956,0.142,1.05
584,585,0.214,0.095,0.14,1.04
585,586,0.218,0.0949,0.14,1.05
586,587,0.222,0.0888,0.13,1.03
587,588,0.226,0.0872,0.125,1.02
588,589,0.231,0.0809,0.117,1.02
589,590,0.235,0.0849,0.121,1.01
590,591,0.239,0.0832,0.118,1.0
591,592,0.244,0.0872,0.121,0.983
592,593,0.248,0.0754,0.106,0.993
593,594,0.253,0.0769,0.107,0.98
594,595,0.257,0.0775,0.108,0.982
595,596,0.262,0.0736,0.101,0.974
596,597,0.267,0.0742,0.102,0.974
597,598,0.272,0.0697,0.0956,0.969
598,599,0.277,0.0744,0.102,0.97
599,600,0.282,0.0716,0.0978,0.966
