,Meas. Pts.,Sliding Speed,Friction Factor,Frictional Force,Normal Force
0,1,4.75e-06,0.239,0.342,1.01
1,2,4.82e-06,0.4,0.573,1.01
2,3,4.86e-06,0.43,0.617,1.01
3,4,4.96e-06,0.446,0.641,1.02
4,5,5.06e-06,0.462,0.665,1.02
5,6,5.16e-06,0.473,0.681,1.02
6,7,5.25e-06,0.479,0.689,1.02
7,8,5.35e-06,0.481,0.691,1.02
8,9,5.45e-06,0.477,0.687,1.02
9,10,5.55e-06,0.472,0.68,1.02
10,11,5.66e-06,0.471,0.678,1.02
11,12,5.77e-06,0.466,0.671,1.02
12,13,5.86e-06,0.457,0.656,1.02
13,14,5.96e-06,0.448,0.644,1.02
14,15,6.08e-06,0.437,0.628,1.02
15,16,6.2e-06,0.427,0.613,1.02
16,17,6.31e-06,0.417,0.6,1.02
17,18,6.43e-06,0.411,0.591,1.02
18,19,6.55e-06,0.407,0.585,1.02
19,20,6.66e-06,0.403,0.58,1.02
20,21,6.79e-06,0.401,0.577,1.02
21,22,6.91e-06,0.396,0.57,1.02
22,23,7.05e-06,0.391,0.563,1.02
23,24,7.18e-06,0.388,0.558,1.02
24,25,7.31e-06,0.384,0.553,1.02
25,26,7.44e-06,0.381,0.549,1.02
26,27,7.57e-06,0.38,0.547,1.02
27,28,7.72e-06,0.378,0.545,1.02
28,29,7.88e-06,0.377,0.543,1.02
29,30,8.01e-06,0.374,0.539,1.02
30,31,8.16e-06,0.377,0.543,1.02
31,32,8.31e-06,0.377,0.543,1.02
32,33,8.46e-06,0.378,0.545,1.02
33,34,8.61e-06,0.384,0.553,1.02
34,35,8.79e-06,0.386,0.557,1.02
35,36,8.95e-06,0.395,0.567,1.02
36,37,9.11e-06,0.398,0.572,1.02
37,38,9.27e-06,0.397,0.571,1.02
38,39,9.45e-06,0.394,0.567,1.02
39,40,9.62e-06,0.391,0.562,1.02
40,41,9.8e-06,0.386,0.556,1.02
41,42,9.99e-06,0.38,0.547,1.02
42,43,1.02e-05,0.378,0.543,1.02
43,44,1.04e-05,0.376,0.541,1.02
44,45,1.05e-05,0.37,0.533,1.02
45,46,1.07e-05,0.365,0.526,1.02
46,47,1.09e-05,0.364,0.525,1.02
47,48,1.11e-05,0.372,0.536,1.02
48,49,1.14e-05,0.39,0.563,1.02
49,50,1.16e-05,0.422,0.608,1.02
50,51,1.18e-05,0.431,0.62,1.02
51,52,1.2e-05,0.431,0.621,1.02
52,53,1.22e-05,0.432,0.621,1.02
53,54,1.25e-05,0.421,0.605,1.02
54,55,1.27e-05,0.42,0.604,1.02
55,56,1.29e-05,0.418,0.601,1.02
56,57,1.32e-05,0.415,0.598,1.02
57,58,1.34e-05,0.413,0.595,1.02
58,59,1.36e-05,0.41,0.591,1.02
59,60,1.39e-05,0.414,0.598,1.02
60,61,1.42e-05,0.415,0.601,1.02
61,62,1.44e-05,0.415,0.6,1.02
62,63,1.47e-05,0.413,0.598,1.02
63,64,1.5e-05,0.411,0.596,1.03
64,65,1.52e-05,0.415,0.599,1.02
65,66,1.55e-05,0.412,0.595,1.02
66,67,1.58e-05,0.414,0.598,1.02
67,68,1.61e-05,0.421,0.608,1.02
68,69,1.64e-05,0.422,0.611,1.02
69,70,1.67e-05,0.426,0.617,1.02
70,71,1.7e-05,0.428,0.621,1.03
71,72,1.73e-05,0.422,0.613,1.03
72,73,1.77e-05,0.414,0.6,1.02
73,74,1.8e-05,0.405,0.586,1.02
74,75,1.83e-05,0.392,0.566,1.02
75,76,1.86e-05,0.393,0.564,1.02
76,77,1.9e-05,0.39,0.561,1.02
77,78,1.93e-05,0.379,0.546,1.02
78,79,1.97e-05,0.375,0.54,1.02
79,80,2.01e-05,0.367,0.53,1.02
80,81,2.05e-05,0.36,0.52,1.02
81,82,2.08e-05,0.354,0.512,1.02
82,83,2.12e-05,0.35,0.507,1.02
83,84,2.16e-05,0.353,0.511,1.02
84,85,2.2e-05,0.361,0.522,1.02
85,86,2.24e-05,0.366,0.53,1.02
86,87,2.28e-05,0.381,0.553,1.03
87,88,2.33e-05,0.388,0.564,1.03
88,89,2.37e-05,0.397,0.572,1.02
89,90,2.41e-05,0.393,0.566,1.02
90,91,2.46e-05,0.39,0.562,1.02
91,92,2.5e-05,0.386,0.557,1.02
92,93,2.55e-05,0.389,0.562,1.02
93,94,2.59e-05,0.401,0.58,1.02
94,95,2.64e-05,0.404,0.584,1.02
95,96,2.69e-05,0.411,0.595,1.02
96,97,2.74e-05,0.412,0.597,1.02
97,98,2.79e-05,0.403,0.584,1.03
98,99,2.85e-05,0.403,0.575,1.01
99,100,2.9e-05,0.393,0.559,1.01
100,101,2.95e-05,0.385,0.549,1.01
101,102,3e-05,0.374,0.532,1.01
102,103,3.06e-05,0.369,0.525,1.01
103,104,3.12e-05,0.375,0.534,1.01
104,105,3.18e-05,0.373,0.531,1.01
105,106,3.23e-05,0.359,0.512,1.01
106,107,3.29e-05,0.353,0.502,1.01
107,108,3.36e-05,0.369,0.526,1.01
108,109,3.42e-05,0.374,0.533,1.01
109,110,3.48e-05,0.373,0.531,1.01
110,111,3.55e-05,0.36,0.512,1.01
111,112,3.61e-05,0.366,0.521,1.01
112,113,3.68e-05,0.365,0.519,1.01
113,114,3.75e-05,0.374,0.532,1.01
114,115,3.82e-05,0.378,0.538,1.01
115,116,3.89e-05,0.376,0.536,1.01
116,117,3.96e-05,0.376,0.536,1.01
117,118,4.03e-05,0.382,0.543,1.01
118,119,4.11e-05,0.381,0.543,1.01
119,120,4.18e-05,0.38,0.542,1.01
120,121,4.26e-05,0.382,0.545,1.01
121,122,4.34e-05,0.381,0.543,1.01
122,123,4.42e-05,0.367,0.524,1.01
123,124,4.5e-05,0.368,0.524,1.01
124,125,4.58e-05,0.367,0.524,1.01
125,126,4.67e-05,0.378,0.54,1.01
126,127,4.76e-05,0.389,0.554,1.01
127,128,4.85e-05,0.406,0.578,1.01
128,129,4.94e-05,0.389,0.554,1.01
129,130,5.03e-05,0.397,0.565,1.01
130,131,5.12e-05,0.411,0.585,1.01
131,132,5.21e-05,0.403,0.574,1.01
132,133,5.31e-05,0.383,0.545,1.01
133,134,5.41e-05,0.355,0.505,1.01
134,135,5.51e-05,0.35,0.497,1.0
135,136,5.62e-05,0.372,0.527,1.0
136,137,5.72e-05,0.366,0.518,0.999
137,138,5.82e-05,0.353,0.498,0.997
138,139,5.93e-05,0.341,0.481,0.996
139,140,6.04e-05,0.332,0.466,0.994
140,141,6.15e-05,0.327,0.459,0.993
141,142,6.26e-05,0.338,0.476,0.996
142,143,6.39e-05,0.368,0.516,0.992
143,144,6.5e-05,0.332,0.466,0.993
144,145,6.62e-05,0.359,0.503,0.991
145,146,6.74e-05,0.36,0.507,0.995
146,147,6.87e-05,0.377,0.53,0.994
147,148,7e-05,0.414,0.581,0.992
148,149,7.13e-05,0.435,0.61,0.99
149,150,7.26e-05,0.41,0.572,0.988
150,151,7.39e-05,0.364,0.508,0.985
151,152,7.53e-05,0.371,0.516,0.983
152,153,7.67e-05,0.359,0.498,0.98
153,154,7.81e-05,0.356,0.493,0.978
154,155,7.96e-05,0.362,0.499,0.975
155,156,8.11e-05,0.348,0.479,0.973
156,157,8.25e-05,0.337,0.463,0.971
157,158,8.41e-05,0.365,0.503,0.976
158,159,8.56e-05,0.354,0.488,0.977
159,160,8.72e-05,0.365,0.506,0.981
160,161,8.88e-05,0.396,0.547,0.976
161,162,9.05e-05,0.381,0.524,0.971
162,163,9.22e-05,0.383,0.524,0.967
163,164,9.39e-05,0.371,0.509,0.971
164,165,9.56e-05,0.366,0.503,0.972
165,166,9.73e-05,0.357,0.489,0.969
166,167,9.92e-05,0.354,0.486,0.972
167,168,0.000101,0.325,0.444,0.967
168,169,0.000103,0.309,0.425,0.971
169,170,0.000105,0.319,0.436,0.967
170,171,0.000107,0.319,0.436,0.968
171,172,0.000109,0.342,0.466,0.965
172,173,0.000111,0.326,0.449,0.975
173,174,0.000113,0.346,0.476,0.974
174,175,0.000115,0.348,0.482,0.98
175,176,0.000117,0.355,0.493,0.981
176,177,0.000119,0.33,0.457,0.979
177,178,0.000121,0.356,0.492,0.977
178,179,0.000124,0.363,0.5,0.974
179,180,0.000126,0.338,0.464,0.971
180,181,0.000128,0.332,0.458,0.974
181,182,0.000131,0.341,0.471,0.976
182,183,0.000133,0.361,0.498,0.977
183,184,0.000136,0.356,0.491,0.977
184,185,0.000138,0.334,0.463,0.979
185,186,0.000141,0.297,0.411,0.978
186,187,0.000143,0.337,0.465,0.977
187,188,0.000146,0.319,0.44,0.977
188,189,0.000149,0.331,0.458,0.979
189,190,0.000151,0.312,0.432,0.98
190,191,0.000154,0.33,0.458,0.981
191,192,0.000157,0.309,0.428,0.98
192,193,0.00016,0.327,0.452,0.976
193,194,0.000163,0.339,0.468,0.976
194,195,0.000166,0.337,0.47,0.985
195,196,0.000169,0.356,0.493,0.981
196,197,0.000172,0.315,0.433,0.973
197,198,0.000175,0.342,0.469,0.969
198,199,0.000178,0.306,0.419,0.968
199,200,0.000182,0.279,0.382,0.969
200,201,0.000185,0.317,0.433,0.967
201,202,0.000189,0.321,0.439,0.968
202,203,0.000192,0.323,0.441,0.967
203,204,0.000196,0.301,0.414,0.972
204,205,0.000199,0.301,0.413,0.969
205,206,0.000203,0.32,0.437,0.967
206,207,0.000207,0.322,0.438,0.961
207,208,0.000211,0.316,0.432,0.967
208,209,0.000215,0.303,0.415,0.967
209,210,0.000219,0.307,0.426,0.98
210,211,0.000223,0.329,0.457,0.981
211,212,0.000227,0.356,0.494,0.981
212,213,0.000231,0.358,0.495,0.978
213,214,0.000235,0.328,0.455,0.982
214,215,0.000239,0.312,0.436,0.988
215,216,0.000244,0.308,0.432,0.992
216,217,0.000248,0.322,0.453,0.994
217,218,0.000253,0.324,0.457,0.999
218,219,0.000258,0.314,0.448,1.01
219,220,0.000262,0.316,0.453,1.01
220,221,0.000267,0.339,0.49,1.02
221,222,0.000272,0.38,0.55,1.02
222,223,0.000277,0.413,0.602,1.03
223,224,0.000283,0.376,0.551,1.04
224,225,0.000288,0.359,0.523,1.03
225,226,0.000293,0.349,0.511,1.03
226,227,0.000299,0.345,0.501,1.03
227,228,0.000304,0.334,0.485,1.03
228,229,0.00031,0.366,0.532,1.03
229,230,0.000315,0.377,0.547,1.03
230,231,0.000321,0.374,0.54,1.02
231,232,0.000327,0.39,0.568,1.03
232,233,0.000333,0.361,0.531,1.04
233,234,0.00034,0.357,0.519,1.03
234,235,0.000346,0.295,0.431,1.03
235,236,0.000352,0.322,0.471,1.03
236,237,0.000359,0.379,0.554,1.03
237,238,0.000365,0.339,0.496,1.04
238,239,0.000372,0.365,0.529,1.03
239,240,0.000379,0.34,0.493,1.02
240,241,0.000386,0.342,0.499,1.03
241,242,0.000393,0.323,0.469,1.03
242,243,0.000401,0.306,0.444,1.02
243,244,0.000408,0.318,0.456,1.01
244,245,0.000416,0.324,0.461,1.0
245,246,0.000423,0.356,0.497,0.988
246,247,0.000431,0.318,0.441,0.978
247,248,0.000439,0.322,0.437,0.959
248,249,0.000447,0.305,0.41,0.951
249,250,0.000455,0.351,0.473,0.952
250,251,0.000464,0.332,0.448,0.953
251,252,0.000472,0.316,0.428,0.957
252,253,0.000481,0.322,0.44,0.966
253,254,0.00049,0.328,0.45,0.97
254,255,0.000499,0.339,0.467,0.973
255,256,0.000509,0.332,0.458,0.975
256,257,0.000518,0.331,0.458,0.978
257,258,0.000528,0.374,0.516,0.975
258,259,0.000538,0.35,0.484,0.977
259,260,0.000547,0.334,0.455,0.964
260,261,0.000557,0.342,0.467,0.965
261,262,0.000568,0.357,0.488,0.967
262,263,0.000578,0.361,0.494,0.968
263,264,0.000589,0.359,0.498,0.98
264,265,0.0006,0.362,0.511,0.997
265,266,0.000611,0.391,0.565,1.02
266,267,0.000622,0.365,0.538,1.04
267,268,0.000634,0.344,0.512,1.05
268,269,0.000646,0.328,0.489,1.05
269,270,0.000658,0.42,0.618,1.04
270,271,0.00067,0.394,0.583,1.05
271,272,0.000682,0.365,0.541,1.05
272,273,0.000695,0.357,0.532,1.05
273,274,0.000708,0.347,0.514,1.05
274,275,0.000721,0.367,0.539,1.04
275,276,0.000735,0.354,0.516,1.03
276,277,0.000748,0.329,0.47,1.01
277,278,0.000762,0.334,0.467,0.988
278,279,0.000776,0.345,0.468,0.958
279,280,0.00079,0.313,0.422,0.955
280,281,0.000805,0.28,0.373,0.942
281,282,0.00082,0.333,0.447,0.949
282,283,0.000835,0.328,0.449,0.968
283,284,0.000851,0.345,0.468,0.96
284,285,0.000867,0.364,0.491,0.954
285,286,0.000882,0.331,0.456,0.973
286,287,0.000899,0.347,0.473,0.963
287,288,0.000916,0.351,0.485,0.978
288,289,0.000933,0.356,0.499,0.992
289,290,0.00095,0.37,0.536,1.02
290,291,0.000968,0.369,0.552,1.06
291,292,0.000985,0.363,0.544,1.06
292,293,0.001,0.354,0.528,1.06
293,294,0.00102,0.375,0.563,1.06
294,295,0.00104,0.349,0.523,1.06
295,296,0.00106,0.355,0.535,1.06
296,297,0.00108,0.334,0.496,1.05
297,298,0.0011,0.335,0.483,1.02
298,299,0.00112,0.342,0.476,0.983
299,300,0.00114,0.352,0.468,0.939
300,301,0.00116,0.352,0.475,0.953
301,302,0.00118,0.345,0.461,0.943
302,303,0.00121,0.357,0.472,0.933
303,304,0.00123,0.34,0.452,0.939
304,305,0.00125,0.353,0.469,0.938
305,306,0.00127,0.348,0.476,0.967
306,307,0.0013,0.373,0.529,1.0
307,308,0.00132,0.374,0.542,1.03
308,309,0.00135,0.381,0.558,1.04
309,310,0.00137,0.376,0.565,1.06
310,311,0.0014,0.385,0.586,1.08
311,312,0.00142,0.351,0.521,1.05
312,313,0.00145,0.338,0.482,1.01
313,314,0.00148,0.328,0.446,0.959
314,315,0.0015,0.33,0.434,0.931
315,316,0.00153,0.346,0.455,0.931
316,317,0.00156,0.367,0.49,0.944
317,318,0.00159,0.353,0.471,0.943
318,319,0.00162,0.368,0.505,0.969
319,320,0.00165,0.386,0.557,1.02
320,321,0.00168,0.355,0.536,1.07
321,322,0.00171,0.388,0.597,1.09
322,323,0.00174,0.355,0.561,1.12
323,324,0.00177,0.364,0.554,1.08
324,325,0.00181,0.339,0.481,1.0
325,326,0.00184,0.319,0.421,0.932
326,327,0.00187,0.336,0.449,0.944
327,328,0.00191,0.34,0.461,0.958
328,329,0.00194,0.347,0.474,0.967
329,330,0.00198,0.363,0.523,1.02
330,331,0.00202,0.356,0.541,1.08
331,332,0.00205,0.37,0.579,1.1
332,333,0.00209,0.359,0.568,1.12
333,334,0.00213,0.339,0.51,1.07
334,335,0.00217,0.333,0.462,0.981
335,336,0.00221,0.334,0.445,0.944
336,337,0.00225,0.34,0.443,0.922
337,338,0.00229,0.356,0.476,0.946
338,339,0.00234,0.372,0.531,1.01
339,340,0.00238,0.368,0.538,1.03
340,341,0.00242,0.363,0.563,1.1
341,342,0.00247,0.327,0.504,1.09
342,343,0.00251,0.321,0.453,0.998
343,344,0.00256,0.328,0.435,0.937
344,345,0.00261,0.331,0.43,0.917
345,346,0.00266,0.346,0.464,0.948
346,347,0.00271,0.336,0.497,1.04
347,348,0.00276,0.348,0.543,1.1
348,349,0.00281,0.344,0.521,1.07
349,350,0.00286,0.306,0.41,0.948
350,351,0.00291,0.32,0.414,0.915
351,352,0.00297,0.325,0.429,0.932
352,353,0.00302,0.344,0.497,1.02
353,354,0.00308,0.35,0.535,1.08
354,355,0.00313,0.341,0.545,1.13
355,356,0.00319,0.314,0.458,1.03
356,357,0.00325,0.322,0.436,0.957
357,358,0.00331,0.327,0.424,0.915
358,359,0.00337,0.354,0.496,0.992
359,360,0.00344,0.336,0.501,1.06
360,361,0.0035,0.316,0.492,1.1
361,362,0.00356,0.307,0.421,0.97
362,363,0.00363,0.321,0.417,0.919
363,364,0.0037,0.331,0.451,0.964
364,365,0.00377,0.363,0.553,1.08
365,366,0.00384,0.325,0.505,1.1
366,367,0.00391,0.293,0.39,0.94
367,368,0.00398,0.31,0.399,0.909
368,369,0.00405,0.324,0.452,0.988
369,370,0.00413,0.326,0.511,1.11
370,371,0.0042,0.305,0.463,1.07
371,372,0.00428,0.303,0.408,0.954
372,373,0.00436,0.31,0.402,0.915
373,374,0.00444,0.331,0.477,1.02
374,375,0.00453,0.308,0.483,1.11
375,376,0.00461,0.294,0.397,0.954
376,377,0.00469,0.302,0.388,0.909
377,378,0.00478,0.329,0.484,1.04
378,379,0.00487,0.307,0.492,1.13
379,380,0.00496,0.287,0.39,0.959
380,381,0.00505,0.298,0.399,0.947
381,382,0.00515,0.313,0.483,1.09
382,383,0.00524,0.292,0.449,1.09
383,384,0.00534,0.3,0.403,0.951
384,385,0.00544,0.312,0.437,0.989
385,386,0.00554,0.31,0.483,1.1
386,387,0.00564,0.282,0.373,0.936
387,388,0.00575,0.301,0.381,0.896
388,389,0.00585,0.301,0.464,1.09
389,390,0.00596,0.265,0.366,0.976
390,391,0.00607,0.289,0.375,0.917
391,392,0.00618,0.3,0.464,1.09
392,393,0.0063,0.273,0.398,1.03
393,394,0.00642,0.282,0.369,0.924
394,395,0.00653,0.293,0.434,1.05
395,396,0.00666,0.266,0.365,0.97
396,397,0.00678,0.287,0.367,0.906
397,398,0.0069,0.282,0.442,1.11
398,399,0.00703,0.262,0.341,0.918
399,400,0.00716,0.289,0.399,0.976
400,401,0.0073,0.277,0.425,1.08
401,402,0.00743,0.279,0.357,0.906
402,403,0.00757,0.286,0.426,1.05
403,404,0.00771,0.263,0.356,0.958
404,405,0.00785,0.278,0.386,0.983
405,406,0.008,0.247,0.363,1.04
406,407,0.00815,0.271,0.353,0.92
407,408,0.0083,0.276,0.441,1.13
408,409,0.00845,0.267,0.355,0.941
409,410,0.00861,0.274,0.416,1.07
410,411,0.00877,0.259,0.346,0.946
411,412,0.00893,0.266,0.401,1.07
412,413,0.00909,0.236,0.309,0.927
413,414,0.00926,0.269,0.396,1.04
414,415,0.00943,0.244,0.337,0.977
415,416,0.00961,0.262,0.378,1.02
416,417,0.00979,0.246,0.326,0.937
417,418,0.00997,0.253,0.381,1.06
418,419,0.0102,0.241,0.312,0.916
419,420,0.0103,0.261,0.414,1.12
420,421,0.0105,0.244,0.324,0.937
421,422,0.0107,0.246,0.376,1.08
422,423,0.0109,0.242,0.322,0.941
423,424,0.0111,0.213,0.293,0.974
424,425,0.0113,0.255,0.386,1.07
425,426,0.0115,0.235,0.312,0.938
426,427,0.0118,0.237,0.358,1.07
427,428,0.012,0.242,0.327,0.957
428,429,0.0122,0.222,0.285,0.907
429,430,0.0124,0.241,0.378,1.11
430,431,0.0127,0.239,0.325,0.962
431,432,0.0129,0.221,0.292,0.933
432,433,0.0131,0.211,0.32,1.07
433,434,0.0134,0.24,0.347,1.02
434,435,0.0136,0.22,0.293,0.941
435,436,0.0139,0.215,0.305,1.01
436,437,0.0141,0.219,0.333,1.08
437,438,0.0144,0.232,0.326,0.995
438,439,0.0147,0.22,0.289,0.928
439,440,0.0149,0.209,0.284,0.96
440,441,0.0152,0.198,0.294,1.05
441,442,0.0155,0.23,0.356,1.1
442,443,0.0158,0.219,0.309,0.999
443,444,0.0161,0.212,0.283,0.944
444,445,0.0164,0.211,0.279,0.936
445,446,0.0167,0.205,0.288,0.996
446,447,0.017,0.203,0.287,1.0
447,448,0.0173,0.188,0.274,1.03
448,449,0.0176,0.204,0.314,1.09
449,450,0.0179,0.201,0.301,1.06
450,451,0.0183,0.192,0.291,1.07
451,452,0.0186,0.207,0.322,1.1
452,453,0.019,0.199,0.297,1.06
453,454,0.0193,0.187,0.281,1.06
454,455,0.0197,0.196,0.3,1.08
455,456,0.02,0.19,0.278,1.03
456,457,0.0204,0.176,0.252,1.01
457,458,0.0208,0.185,0.263,1.0
458,459,0.0212,0.183,0.244,0.939
459,460,0.0216,0.194,0.261,0.954
460,461,0.022,0.193,0.268,0.98
461,462,0.0224,0.18,0.263,1.03
462,463,0.0228,0.184,0.279,1.07
463,464,0.0232,0.176,0.239,0.962
464,465,0.0236,0.187,0.257,0.968
465,466,0.0241,0.182,0.265,1.03
466,467,0.0245,0.165,0.237,1.02
467,468,0.025,0.173,0.237,0.969
468,469,0.0254,0.169,0.243,1.02
469,470,0.0259,0.173,0.253,1.03
470,471,0.0264,0.171,0.23,0.95
471,472,0.0269,0.179,0.263,1.04
472,473,0.0274,0.166,0.222,0.945
473,474,0.0279,0.175,0.259,1.05
474,475,0.0284,0.161,0.22,0.965
475,476,0.0289,0.17,0.254,1.05
476,477,0.0295,0.159,0.218,0.967
477,478,0.03,0.165,0.244,1.04
478,479,0.0306,0.154,0.218,0.997
479,480,0.0311,0.159,0.226,1.0
480,481,0.0317,0.148,0.211,1.01
481,482,0.0323,0.159,0.226,1.01
482,483,0.0329,0.154,0.214,0.981
483,484,0.0335,0.151,0.211,0.989
484,485,0.0341,0.158,0.231,1.03
485,486,0.0348,0.141,0.198,0.997
486,487,0.0354,0.151,0.215,1.0
487,488,0.0361,0.156,0.222,1.01
488,489,0.0367,0.142,0.199,0.994
489,490,0.0374,0.145,0.207,1.01
490,491,0.0381,0.149,0.212,1.01
491,492,0.0388,0.137,0.192,0.994
492,493,0.0395,0.142,0.201,1.0
493,494,0.0403,0.148,0.212,1.01
494,495,0.041,0.134,0.187,0.984
495,496,0.0418,0.137,0.193,0.993
496,497,0.0425,0.138,0.2,1.02
497,498,0.0433,0.14,0.2,1.01
498,499,0.0441,0.133,0.185,0.988
499,500,0.045,0.131,0.187,1.01
500,501,0.0458,0.134,0.185,0.981
501,502,0.0466,0.136,0.198,1.03
502,503,0.0475,0.136,0.191,0.998
503,504,0.0484,0.13,0.188,1.02
504,505,0.0493,0.126,0.174,0.98
505,506,0.0502,0.118,0.165,0.983
506,507,0.0511,0.122,0.175,1.01
507,508,0.0521,0.124,0.174,0.992
508,509,0.053,0.124,0.171,0.977
509,510,0.054,0.121,0.168,0.982
510,511,0.055,0.118,0.166,0.992
511,512,0.056,0.118,0.166,0.997
512,513,0.0571,0.116,0.164,0.995
513,514,0.0581,0.116,0.161,0.986
514,515,0.0592,0.116,0.16,0.979
515,516,0.0603,0.116,0.162,0.991
516,517,0.0614,0.111,0.158,1.01
517,518,0.0626,0.11,0.153,0.989
518,519,0.0637,0.113,0.157,0.988
519,520,0.0649,0.11,0.159,1.02
520,521,0.0661,0.114,0.16,0.993
521,522,0.0673,0.112,0.16,1.01
522,523,0.0686,0.107,0.151,0.998
523,524,0.0699,0.107,0.149,0.985
524,525,0.0711,0.107,0.152,1.01
525,526,0.0725,0.109,0.155,1.01
526,527,0.0738,0.102,0.143,0.994
527,528,0.0752,0.104,0.147,1.0
528,529,0.0766,0.108,0.153,1.01
529,530,0.078,0.1,0.14,0.987
530,531,0.0794,0.102,0.145,1.01
531,532,0.0809,0.098,0.139,1.01
532,533,0.0824,0.0994,0.14,0.997
533,534,0.0839,0.0985,0.141,1.01
534,535,0.0855,0.0969,0.136,0.993
535,536,0.0871,0.0956,0.137,1.01
536,537,0.0887,0.0953,0.135,1.0
537,538,0.0903,0.0941,0.13,0.978
538,539,0.092,0.0953,0.134,0.99
539,540,0.0937,0.0919,0.129,0.996
540,541,0.0955,0.0894,0.125,0.987
541,542,0.0972,0.0924,0.129,0.988
542,543,0.099,0.0924,0.131,1.0
543,544,0.101,0.0894,0.127,1.01
544,545,0.103,0.0888,0.124,0.989
545,546,0.105,0.088,0.125,1.0
546,547,0.107,0.0882,0.125,0.999
547,548,0.109,0.0897,0.126,0.992
548,549,0.111,0.0872,0.123,0.999
549,550,0.113,0.0869,0.123,0.998
550,551,0.115,0.0867,0.123,1.0
551,552,0.117,0.0844,0.12,1.0
552,553,0.119,0.0851,0.119,0.992
553,554,0.121,0.0865,0.121,0.993
554,555,0.123,0.0827,0.117,0.999
555,556,0.126,0.0833,0.118,1.0
556,557,0.128,0.0839,0.118,0.998
557,558,0.13,0.0848,0.119,0.995
558,559,0.133,0.0833,0.117,0.995
559,560,0.135,0.0821,0.116,0.999
560,561,0.138,0.0824,0.118,1.01
561,562,0.14,0.0799,0.113,0.996
562,563,0.143,0.083,0.118,1.01
563,564,0.146,0.0797,0.113,0.998
564,565,0.148,0.0798,0.113,1.0
565,566,0.151,0.0816,0.115,1.0
566,567,0.154,0.0778,0.11,1.0
567,568,0.157,0.0795,0.112,0.998
568,569,0.16,0.0802,0.114,1.01
569,570,0.163,0.0823,0.116,0.998
570,571,0.166,0.0822,0.116,0.999
571,572,0.169,0.0793,0.113,1.01
572,573,0.172,0.0802,0.114,1.0
573,574,0.175,0.0859,0.123,1.01
574,575,0.178,0.0802,0.115,1.01
575,576,0.182,0.0784,0.112,1.01
576,577,0.185,0.0805,0.115,1.01
577,578,0.188,0.0865,0.126,1.03
578,579,0.192,0.0851,0.125,1.04
579,580,0.195,0.0875,0.128,1.04
580,581,0.199,0.0854,0.125,1.04
581,582,0.203,0.0919,0.134,1.03
582,583,0.206,0.0891,0.131,1.04
583,584,0.21,0.0954,0.142,1.06
584,585,0.214,0.0929,0.137,1.05
585,586,0.218,0.0892,0.132,1.05
586,587,0.222,0.0885,0.13,1.04
587,588,0.226,0.087,0.126,1.02
588,589,0.231,0.0854,0.123,1.02
589,590,0.235,0.0759,0.108,1.01
590,591,0.239,0.0767,0.109,1.01
591,592,0.244,0.075,0.106,1.0
592,593,0.248,0.0804,0.112,0.984
593,594,0.253,0.0777,0.108,0.98
594,595,0.257,0.0725,0.1,0.98
595,596,0.262,0.0801,0.111,0.98
596,597,0.267,0.0738,0.101,0.97
597,598,0.272,0.0759,0.104,0.97
598,599,0.277,0.0694,0.096,0.977
599,600,0.282,0.0713,0.0981,0.973
