,Meas. Pts.,Sliding Speed,Friction Factor,Frictional Force,Normal Force
0,1,4.76e-06,0.224,0.314,0.992
1,2,4.8e-06,0.35,0.493,0.995
2,3,4.89e-06,0.365,0.514,0.994
3,4,4.98e-06,0.37,0.519,0.993
4,5,5.07e-06,0.375,0.527,0.992
5,6,5.15e-06,0.379,0.532,0.992
6,7,5.24e-06,0.386,0.541,0.992
7,8,5.35e-06,0.389,0.545,0.991
8,9,5.45e-06,0.389,0.544,0.99
9,10,5.56e-06,0.392,0.549,0.99
10,11,5.65e-06,0.392,0.549,0.989
11,12,5.75e-06,0.393,0.55,0.989
12,13,5.86e-06,0.396,0.553,0.988
13,14,5.97e-06,0.392,0.548,0.987
14,15,6.08e-06,0.389,0.543,0.987
15,16,6.2e-06,0.387,0.539,0.986
16,17,6.32e-06,0.384,0.535,0.985
17,18,6.43e-06,0.38,0.529,0.985
18,19,6.54e-06,0.375,0.522,0.985
19,20,6.66e-06,0.368,0.512,0.985
20,21,6.79e-06,0.36,0.5,0.983
21,22,6.91e-06,0.357,0.496,0.983
22,23,7.05e-06,0.352,0.489,0.983
23,24,7.18e-06,0.349,0.484,0.982
24,25,7.3e-06,0.351,0.489,0.983
25,26,7.43e-06,0.353,0.49,0.982
26,27,7.59e-06,0.354,0.492,0.982
27,28,7.73e-06,0.348,0.483,0.981
28,29,7.87e-06,0.347,0.481,0.981
29,30,8.02e-06,0.344,0.476,0.98
30,31,8.16e-06,0.34,0.472,0.98
31,32,8.3e-06,0.339,0.469,0.978
32,33,8.45e-06,0.334,0.462,0.979
33,34,8.62e-06,0.325,0.45,0.979
34,35,8.78e-06,0.319,0.442,0.979
35,36,8.95e-06,0.323,0.447,0.979
36,37,9.11e-06,0.324,0.448,0.979
37,38,9.28e-06,0.323,0.447,0.978
38,39,9.44e-06,0.323,0.447,0.979
39,40,9.62e-06,0.327,0.454,0.983
40,41,9.8e-06,0.32,0.445,0.983
41,42,9.99e-06,0.31,0.43,0.982
42,43,1.02e-05,0.303,0.421,0.982
43,44,1.04e-05,0.305,0.423,0.981
44,45,1.05e-05,0.303,0.421,0.982
45,46,1.07e-05,0.288,0.399,0.981
46,47,1.09e-05,0.283,0.393,0.981
47,48,1.12e-05,0.28,0.388,0.981
48,49,1.14e-05,0.282,0.39,0.981
49,50,1.16e-05,0.282,0.392,0.982
50,51,1.18e-05,0.283,0.393,0.981
51,52,1.2e-05,0.282,0.392,0.982
52,53,1.22e-05,0.285,0.395,0.982
53,54,1.24e-05,0.287,0.399,0.983
54,55,1.27e-05,0.287,0.399,0.982
55,56,1.29e-05,0.287,0.399,0.982
56,57,1.32e-05,0.296,0.412,0.983
57,58,1.34e-05,0.304,0.422,0.983
58,59,1.36e-05,0.308,0.428,0.983
59,60,1.39e-05,0.311,0.433,0.984
60,61,1.42e-05,0.314,0.437,0.984
61,62,1.44e-05,0.316,0.44,0.984
62,63,1.47e-05,0.315,0.438,0.984
63,64,1.5e-05,0.307,0.427,0.982
64,65,1.52e-05,0.301,0.417,0.982
65,66,1.55e-05,0.296,0.411,0.982
66,67,1.58e-05,0.3,0.416,0.981
67,68,1.61e-05,0.304,0.422,0.981
68,69,1.64e-05,0.311,0.431,0.98
69,70,1.67e-05,0.315,0.436,0.98
70,71,1.7e-05,0.314,0.435,0.98
71,72,1.73e-05,0.315,0.437,0.98
72,73,1.76e-05,0.314,0.435,0.98
73,74,1.8e-05,0.311,0.432,0.98
74,75,1.83e-05,0.309,0.428,0.98
75,76,1.86e-05,0.313,0.433,0.98
76,77,1.9e-05,0.312,0.433,0.98
77,78,1.93e-05,0.306,0.425,0.98
78,79,1.97e-05,0.302,0.418,0.979
79,80,2.01e-05,0.301,0.417,0.979
80,81,2.04e-05,0.297,0.41,0.979
81,82,2.08e-05,0.299,0.414,0.979
82,83,2.12e-05,0.306,0.423,0.977
83,84,2.16e-05,0.308,0.426,0.978
84,85,2.2e-05,0.308,0.427,0.978
85,86,2.24e-05,0.314,0.435,0.978
86,87,2.28e-05,0.327,0.452,0.979
87,88,2.33e-05,0.337,0.465,0.977
88,89,2.37e-05,0.33,0.457,0.977
89,90,2.41e-05,0.326,0.451,0.977
90,91,2.45e-05,0.325,0.451,0.982
91,92,2.5e-05,0.324,0.45,0.983
92,93,2.55e-05,0.318,0.441,0.982
93,94,2.59e-05,0.316,0.439,0.981
94,95,2.64e-05,0.31,0.43,0.98
95,96,2.69e-05,0.314,0.435,0.979
96,97,2.74e-05,0.316,0.437,0.978
97,98,2.79e-05,0.317,0.439,0.979
98,99,2.85e-05,0.32,0.442,0.978
99,100,2.9e-05,0.314,0.434,0.978
100,101,2.95e-05,0.311,0.43,0.977
101,102,3e-05,0.313,0.433,0.977
102,103,3.06e-05,0.317,0.437,0.976
103,104,3.12e-05,0.313,0.432,0.975
104,105,3.18e-05,0.316,0.439,0.981
105,106,3.24e-05,0.318,0.441,0.98
106,107,3.3e-05,0.314,0.435,0.981
107,108,3.36e-05,0.305,0.423,0.981
108,109,3.42e-05,0.297,0.412,0.98
109,110,3.48e-05,0.293,0.406,0.979
110,111,3.55e-05,0.296,0.41,0.979
111,112,3.61e-05,0.307,0.425,0.978
112,113,3.68e-05,0.318,0.439,0.977
113,114,3.75e-05,0.325,0.45,0.979
114,115,3.82e-05,0.328,0.457,0.984
115,116,3.89e-05,0.33,0.459,0.983
116,117,3.96e-05,0.326,0.453,0.982
117,118,4.03e-05,0.316,0.438,0.98
118,119,4.11e-05,0.3,0.417,0.98
119,120,4.18e-05,0.285,0.394,0.98
120,121,4.26e-05,0.309,0.427,0.978
121,122,4.34e-05,0.309,0.427,0.976
122,123,4.42e-05,0.312,0.43,0.975
123,124,4.5e-05,0.309,0.425,0.974
124,125,4.59e-05,0.31,0.43,0.979
125,126,4.67e-05,0.31,0.43,0.98
126,127,4.76e-05,0.315,0.436,0.978
127,128,4.85e-05,0.312,0.431,0.977
128,129,4.93e-05,0.309,0.426,0.974
129,130,5.03e-05,0.302,0.415,0.973
130,131,5.12e-05,0.294,0.403,0.971
131,132,5.22e-05,0.313,0.437,0.988
132,133,5.31e-05,0.304,0.424,0.984
133,134,5.41e-05,0.295,0.411,0.984
134,135,5.51e-05,0.306,0.426,0.985
135,136,5.61e-05,0.315,0.439,0.984
136,137,5.71e-05,0.31,0.432,0.985
137,138,5.82e-05,0.305,0.426,0.986
138,139,5.93e-05,0.293,0.409,0.987
139,140,6.04e-05,0.307,0.429,0.988
140,141,6.15e-05,0.314,0.439,0.988
141,142,6.27e-05,0.315,0.44,0.988
142,143,6.38e-05,0.299,0.417,0.987
143,144,6.5e-05,0.285,0.398,0.987
144,145,6.62e-05,0.295,0.411,0.987
145,146,6.74e-05,0.286,0.399,0.986
146,147,6.87e-05,0.286,0.399,0.985
147,148,7e-05,0.297,0.413,0.982
148,149,7.13e-05,0.318,0.44,0.979
149,150,7.26e-05,0.319,0.441,0.978
150,151,7.39e-05,0.309,0.426,0.976
151,152,7.53e-05,0.297,0.409,0.973
152,153,7.67e-05,0.29,0.399,0.972
153,154,7.81e-05,0.313,0.431,0.973
154,155,7.95e-05,0.312,0.435,0.986
155,156,8.1e-05,0.312,0.435,0.984
156,157,8.25e-05,0.303,0.421,0.983
157,158,8.41e-05,0.3,0.416,0.982
158,159,8.56e-05,0.297,0.412,0.981
159,160,8.72e-05,0.289,0.401,0.981
160,161,8.88e-05,0.282,0.391,0.98
161,162,9.05e-05,0.293,0.406,0.98
162,163,9.21e-05,0.298,0.413,0.981
163,164,9.39e-05,0.287,0.398,0.98
164,165,9.56e-05,0.293,0.405,0.978
165,166,9.74e-05,0.332,0.46,0.978
166,167,9.91e-05,0.334,0.462,0.979
167,168,0.000101,0.371,0.515,0.981
168,169,0.000103,0.347,0.482,0.98
169,170,0.000105,0.338,0.47,0.982
170,171,0.000107,0.296,0.412,0.983
171,172,0.000109,0.324,0.452,0.986
172,173,0.000111,0.315,0.44,0.987
173,174,0.000113,0.296,0.415,0.99
174,175,0.000115,0.301,0.423,0.992
175,176,0.000117,0.297,0.417,0.994
176,177,0.000119,0.32,0.45,0.996
177,178,0.000121,0.33,0.467,0.998
178,179,0.000124,0.354,0.501,1.0
179,180,0.000126,0.351,0.499,1.0
180,181,0.000128,0.351,0.501,1.01
181,182,0.000131,0.348,0.5,1.01
182,183,0.000133,0.349,0.502,1.02
183,184,0.000136,0.351,0.509,1.03
184,185,0.000138,0.363,0.53,1.03
185,186,0.000141,0.355,0.517,1.03
186,187,0.000143,0.335,0.486,1.03
187,188,0.000146,0.359,0.521,1.03
188,189,0.000149,0.337,0.49,1.03
189,190,0.000151,0.319,0.459,1.02
190,191,0.000154,0.29,0.42,1.02
191,192,0.000157,0.288,0.416,1.02
192,193,0.00016,0.29,0.42,1.02
193,194,0.000163,0.329,0.477,1.03
194,195,0.000166,0.352,0.514,1.03
195,196,0.000169,0.338,0.493,1.03
196,197,0.000172,0.323,0.472,1.03
197,198,0.000175,0.342,0.5,1.03
198,199,0.000178,0.342,0.499,1.03
199,200,0.000182,0.408,0.593,1.03
200,201,0.000185,0.422,0.613,1.03
201,202,0.000189,0.396,0.577,1.03
202,203,0.000192,0.367,0.535,1.03
203,204,0.000196,0.409,0.6,1.04
204,205,0.000199,0.366,0.532,1.03
205,206,0.000203,0.358,0.52,1.03
206,207,0.000207,0.368,0.534,1.03
207,208,0.000211,0.341,0.494,1.03
208,209,0.000215,0.336,0.487,1.02
209,210,0.000218,0.335,0.484,1.02
210,211,0.000223,0.368,0.536,1.03
211,212,0.000227,0.362,0.529,1.03
212,213,0.000231,0.374,0.548,1.04
213,214,0.000235,0.356,0.524,1.04
214,215,0.00024,0.32,0.469,1.04
215,216,0.000244,0.326,0.474,1.03
216,217,0.000248,0.327,0.476,1.03
217,218,0.000253,0.325,0.472,1.03
218,219,0.000258,0.357,0.514,1.02
219,220,0.000262,0.325,0.467,1.02
220,221,0.000267,0.334,0.477,1.01
221,222,0.000272,0.304,0.43,1.0
222,223,0.000277,0.295,0.414,0.992
223,224,0.000282,0.305,0.428,0.992
224,225,0.000288,0.309,0.431,0.986
225,226,0.000293,0.287,0.395,0.974
226,227,0.000299,0.302,0.412,0.964
227,228,0.000304,0.304,0.413,0.962
228,229,0.00031,0.299,0.407,0.962
229,230,0.000315,0.282,0.381,0.954
230,231,0.000321,0.283,0.383,0.957
231,232,0.000327,0.306,0.417,0.963
232,233,0.000333,0.315,0.43,0.963
233,234,0.00034,0.318,0.438,0.973
234,235,0.000346,0.314,0.429,0.967
235,236,0.000352,0.311,0.425,0.967
236,237,0.000359,0.327,0.447,0.967
237,238,0.000365,0.316,0.435,0.971
238,239,0.000372,0.295,0.407,0.974
239,240,0.000379,0.324,0.444,0.968
240,241,0.000386,0.293,0.399,0.963
241,242,0.000393,0.304,0.413,0.962
242,243,0.000401,0.31,0.428,0.974
243,244,0.000408,0.305,0.425,0.985
244,245,0.000416,0.293,0.407,0.981
245,246,0.000423,0.289,0.396,0.971
246,247,0.000431,0.316,0.433,0.968
247,248,0.000439,0.318,0.437,0.971
248,249,0.000447,0.311,0.43,0.977
249,250,0.000456,0.291,0.404,0.983
250,251,0.000464,0.336,0.472,0.992
251,252,0.000473,0.323,0.46,1.01
252,253,0.000481,0.362,0.524,1.02
253,254,0.00049,0.335,0.494,1.04
254,255,0.000499,0.344,0.506,1.04
255,256,0.000509,0.346,0.511,1.04
256,257,0.000518,0.316,0.467,1.04
257,258,0.000527,0.293,0.431,1.04
258,259,0.000537,0.34,0.496,1.03
259,260,0.000547,0.335,0.493,1.04
260,261,0.000558,0.315,0.466,1.05
261,262,0.000568,0.332,0.494,1.05
262,263,0.000578,0.34,0.505,1.05
263,264,0.000589,0.307,0.457,1.05
264,265,0.0006,0.312,0.459,1.04
265,266,0.000611,0.32,0.461,1.02
266,267,0.000623,0.308,0.437,1.0
267,268,0.000634,0.301,0.422,0.99
268,269,0.000646,0.31,0.426,0.974
269,270,0.000658,0.317,0.429,0.955
270,271,0.00067,0.316,0.421,0.943
271,272,0.000682,0.315,0.421,0.946
272,273,0.000695,0.326,0.438,0.951
273,274,0.000708,0.302,0.411,0.962
274,275,0.000721,0.303,0.412,0.961
275,276,0.000734,0.311,0.418,0.949
276,277,0.000748,0.319,0.433,0.959
277,278,0.000762,0.316,0.427,0.956
278,279,0.000776,0.313,0.424,0.958
279,280,0.00079,0.334,0.457,0.968
280,281,0.000805,0.287,0.399,0.984
281,282,0.00082,0.319,0.453,1.0
282,283,0.000835,0.348,0.5,1.02
283,284,0.000851,0.344,0.504,1.04
284,285,0.000866,0.344,0.503,1.03
285,286,0.000882,0.381,0.556,1.03
286,287,0.000899,0.364,0.542,1.05
287,288,0.000915,0.355,0.529,1.05
288,289,0.000933,0.348,0.517,1.05
289,290,0.00095,0.314,0.461,1.04
290,291,0.000967,0.279,0.404,1.02
291,292,0.000985,0.312,0.438,0.994
292,293,0.001,0.296,0.401,0.958
293,294,0.00102,0.314,0.416,0.936
294,295,0.00104,0.325,0.435,0.945
295,296,0.00106,0.339,0.453,0.946
296,297,0.00108,0.326,0.437,0.947
297,298,0.0011,0.337,0.454,0.951
298,299,0.00112,0.346,0.465,0.949
299,300,0.00114,0.345,0.472,0.967
300,301,0.00116,0.345,0.486,0.996
301,302,0.00118,0.35,0.515,1.04
302,303,0.00121,0.348,0.521,1.06
303,304,0.00123,0.39,0.586,1.06
304,305,0.00125,0.359,0.542,1.07
305,306,0.00127,0.356,0.536,1.06
306,307,0.0013,0.355,0.515,1.03
307,308,0.00132,0.327,0.457,0.989
308,309,0.00135,0.319,0.423,0.936
309,310,0.00137,0.333,0.436,0.926
310,311,0.0014,0.333,0.447,0.947
311,312,0.00142,0.325,0.433,0.942
312,313,0.00145,0.313,0.423,0.955
313,314,0.00148,0.325,0.445,0.97
314,315,0.0015,0.334,0.474,1.0
315,316,0.00153,0.334,0.499,1.06
316,317,0.00156,0.314,0.468,1.06
317,318,0.00159,0.345,0.52,1.07
318,319,0.00162,0.339,0.526,1.1
319,320,0.00165,0.331,0.492,1.05
320,321,0.00168,0.316,0.445,0.993
321,322,0.00171,0.322,0.426,0.937
322,323,0.00174,0.316,0.421,0.944
323,324,0.00177,0.303,0.403,0.942
324,325,0.00181,0.313,0.414,0.936
325,326,0.00184,0.3,0.408,0.963
326,327,0.00187,0.354,0.507,1.01
327,328,0.00191,0.365,0.534,1.03
328,329,0.00194,0.353,0.542,1.09
329,330,0.00198,0.324,0.495,1.08
330,331,0.00202,0.309,0.446,1.02
331,332,0.00205,0.313,0.422,0.954
332,333,0.00209,0.334,0.436,0.923
333,334,0.00213,0.333,0.44,0.933
334,335,0.00217,0.346,0.473,0.966
335,336,0.00221,0.341,0.5,1.04
336,337,0.00225,0.372,0.57,1.08
337,338,0.00229,0.35,0.554,1.12
338,339,0.00234,0.343,0.514,1.06
339,340,0.00238,0.311,0.425,0.964
340,341,0.00242,0.319,0.409,0.907
341,342,0.00247,0.322,0.42,0.924
342,343,0.00251,0.312,0.423,0.96
343,344,0.00256,0.327,0.481,1.04
344,345,0.00261,0.344,0.528,1.08
345,346,0.00266,0.321,0.516,1.14
346,347,0.00271,0.3,0.439,1.04
347,348,0.00276,0.299,0.402,0.949
348,349,0.00281,0.311,0.408,0.928
349,350,0.00286,0.32,0.424,0.936
350,351,0.00291,0.339,0.481,1.0
351,352,0.00297,0.336,0.505,1.06
352,353,0.00302,0.304,0.47,1.09
353,354,0.00308,0.299,0.421,0.994
354,355,0.00313,0.325,0.425,0.926
355,356,0.00319,0.32,0.416,0.918
356,357,0.00325,0.315,0.449,1.01
357,358,0.00331,0.344,0.532,1.1
358,359,0.00337,0.325,0.495,1.08
359,360,0.00344,0.314,0.418,0.94
360,361,0.0035,0.307,0.392,0.905
361,362,0.00356,0.314,0.423,0.953
362,363,0.00363,0.327,0.491,1.06
363,364,0.0037,0.315,0.504,1.13
364,365,0.00377,0.295,0.417,0.998
365,366,0.00384,0.31,0.408,0.929
366,367,0.00391,0.297,0.405,0.963
367,368,0.00398,0.331,0.485,1.04
368,369,0.00405,0.301,0.472,1.11
369,370,0.00413,0.292,0.397,0.961
370,371,0.0042,0.287,0.365,0.902
371,372,0.00428,0.299,0.42,0.993
372,373,0.00436,0.302,0.476,1.12
373,374,0.00444,0.282,0.4,1.0
374,375,0.00453,0.295,0.39,0.934
375,376,0.00461,0.308,0.439,1.01
376,377,0.00469,0.319,0.505,1.12
377,378,0.00478,0.287,0.429,1.06
378,379,0.00487,0.307,0.409,0.943
379,380,0.00496,0.306,0.427,0.986
380,381,0.00505,0.313,0.485,1.1
381,382,0.00515,0.278,0.382,0.971
382,383,0.00524,0.292,0.371,0.9
383,384,0.00534,0.314,0.459,1.04
384,385,0.00544,0.295,0.46,1.11
385,386,0.00554,0.282,0.372,0.933
386,387,0.00564,0.293,0.407,0.981
387,388,0.00574,0.306,0.496,1.15
388,389,0.00585,0.271,0.383,0.998
389,390,0.00596,0.285,0.377,0.936
390,391,0.00607,0.304,0.458,1.07
391,392,0.00618,0.272,0.378,0.983
392,393,0.0063,0.289,0.37,0.907
393,394,0.00642,0.295,0.463,1.11
394,395,0.00653,0.273,0.375,0.973
395,396,0.00665,0.282,0.384,0.961
396,397,0.00678,0.297,0.485,1.15
397,398,0.00691,0.271,0.376,0.98
398,399,0.00703,0.291,0.405,0.983
399,400,0.00716,0.268,0.406,1.07
400,401,0.0073,0.281,0.355,0.893
401,402,0.00743,0.296,0.44,1.05
402,403,0.00757,0.26,0.35,0.95
403,404,0.00771,0.28,0.387,0.979
404,405,0.00785,0.269,0.425,1.12
405,406,0.008,0.278,0.366,0.931
406,407,0.00815,0.282,0.434,1.09
407,408,0.0083,0.277,0.37,0.944
408,409,0.00845,0.286,0.422,1.04
409,410,0.00861,0.25,0.336,0.949
410,411,0.00877,0.281,0.407,1.03
411,412,0.00893,0.249,0.369,1.05
412,413,0.00909,0.273,0.379,0.984
413,414,0.00926,0.248,0.361,1.03
414,415,0.00943,0.272,0.371,0.964
415,416,0.00961,0.243,0.346,1.01
416,417,0.00979,0.27,0.381,0.999
417,418,0.00997,0.24,0.339,0.998
418,419,0.0102,0.271,0.378,0.984
419,420,0.0103,0.254,0.334,0.931
420,421,0.0105,0.261,0.4,1.08
421,422,0.0107,0.246,0.322,0.926
422,423,0.0109,0.257,0.412,1.13
423,424,0.0111,0.261,0.352,0.954
424,425,0.0113,0.236,0.334,0.999
425,426,0.0115,0.254,0.372,1.03
426,427,0.0118,0.241,0.305,0.896
427,428,0.012,0.242,0.374,1.09
428,429,0.0122,0.251,0.349,0.984
429,430,0.0124,0.24,0.314,0.925
430,431,0.0127,0.228,0.344,1.07
431,432,0.0129,0.253,0.355,0.994
432,433,0.0131,0.235,0.311,0.936
433,434,0.0134,0.233,0.341,1.04
434,435,0.0136,0.238,0.357,1.06
435,436,0.0139,0.241,0.323,0.946
436,437,0.0141,0.224,0.314,0.989
437,438,0.0144,0.228,0.342,1.06
438,439,0.0147,0.235,0.358,1.08
439,440,0.0149,0.242,0.337,0.985
440,441,0.0152,0.226,0.305,0.954
441,442,0.0155,0.219,0.3,0.967
442,443,0.0158,0.209,0.308,1.05
443,444,0.0161,0.231,0.363,1.11
444,445,0.0164,0.231,0.341,1.04
445,446,0.0167,0.22,0.308,0.988
446,447,0.017,0.229,0.308,0.95
447,448,0.0173,0.223,0.299,0.948
448,449,0.0176,0.215,0.281,0.921
449,450,0.0179,0.205,0.269,0.931
450,451,0.0183,0.205,0.285,0.982
451,452,0.0186,0.205,0.274,0.947
452,453,0.019,0.199,0.266,0.948
453,454,0.0193,0.198,0.275,0.98
454,455,0.0197,0.205,0.273,0.938
455,456,0.02,0.205,0.273,0.945
456,457,0.0204,0.208,0.284,0.964
457,458,0.0208,0.201,0.276,0.974
458,459,0.0212,0.214,0.316,1.04
459,460,0.0216,0.201,0.298,1.05
460,461,0.022,0.186,0.274,1.04
461,462,0.0224,0.193,0.275,1.01
462,463,0.0228,0.195,0.257,0.935
463,464,0.0232,0.207,0.295,1.01
464,465,0.0236,0.194,0.282,1.03
465,466,0.0241,0.182,0.254,0.987
466,467,0.0245,0.189,0.258,0.963
467,468,0.025,0.186,0.269,1.02
468,469,0.0254,0.187,0.275,1.04
469,470,0.0259,0.188,0.256,0.963
470,471,0.0264,0.188,0.282,1.06
471,472,0.0269,0.18,0.243,0.956
472,473,0.0274,0.192,0.28,1.03
473,474,0.0279,0.18,0.248,0.972
474,475,0.0284,0.19,0.275,1.02
475,476,0.0289,0.178,0.245,0.971
476,477,0.0295,0.183,0.27,1.04
477,478,0.03,0.174,0.238,0.967
478,479,0.0306,0.177,0.26,1.04
479,480,0.0311,0.169,0.237,0.992
480,481,0.0317,0.169,0.236,0.991
481,482,0.0323,0.163,0.23,0.995
482,483,0.0329,0.17,0.241,1.0
483,484,0.0335,0.175,0.246,0.994
484,485,0.0341,0.166,0.229,0.977
485,486,0.0348,0.168,0.241,1.01
486,487,0.0354,0.158,0.221,0.989
487,488,0.0361,0.163,0.228,0.99
488,489,0.0367,0.167,0.241,1.02
489,490,0.0374,0.156,0.216,0.983
490,491,0.0381,0.16,0.224,0.987
491,492,0.0388,0.165,0.236,1.01
492,493,0.0395,0.154,0.214,0.985
493,494,0.0403,0.156,0.217,0.985
494,495,0.041,0.156,0.225,1.02
495,496,0.0418,0.156,0.221,1.0
496,497,0.0425,0.145,0.2,0.974
497,498,0.0433,0.15,0.208,0.981
498,499,0.0441,0.149,0.215,1.02
499,500,0.045,0.154,0.217,0.996
500,501,0.0458,0.148,0.211,1.0
501,502,0.0466,0.14,0.194,0.975
502,503,0.0475,0.142,0.2,0.995
503,504,0.0484,0.144,0.2,0.979
504,505,0.0493,0.143,0.207,1.02
505,506,0.0502,0.146,0.207,0.999
506,507,0.0511,0.142,0.199,0.991
507,508,0.0521,0.139,0.2,1.01
508,509,0.053,0.139,0.199,1.02
509,510,0.054,0.138,0.194,0.996
510,511,0.055,0.134,0.186,0.982
511,512,0.056,0.132,0.183,0.978
512,513,0.0571,0.132,0.182,0.98
513,514,0.0581,0.132,0.185,0.991
514,515,0.0592,0.132,0.189,1.01
515,516,0.0603,0.128,0.184,1.02
516,517,0.0614,0.131,0.184,0.993
517,518,0.0626,0.131,0.184,0.993
518,519,0.0637,0.129,0.185,1.02
519,520,0.0649,0.123,0.171,0.981
520,521,0.0661,0.12,0.169,0.994
521,522,0.0673,0.123,0.17,0.977
522,523,0.0686,0.122,0.173,1.01
523,524,0.0699,0.125,0.177,1.0
524,525,0.0711,0.117,0.163,0.99
525,526,0.0725,0.12,0.167,0.985
526,527,0.0738,0.119,0.168,0.999
527,528,0.0752,0.117,0.165,0.998
528,529,0.0766,0.116,0.162,0.987
529,530,0.078,0.116,0.164,1.0
530,531,0.0794,0.109,0.154,0.993
531,532,0.0809,0.113,0.158,0.991
532,533,0.0824,0.112,0.159,1.0
533,534,0.0839,0.109,0.153,0.99
534,535,0.0855,0.11,0.156,1.0
535,536,0.0871,0.108,0.151,0.987
536,537,0.0887,0.104,0.147,1.0
537,538,0.0903,0.107,0.152,1.0
538,539,0.092,0.106,0.147,0.985
539,540,0.0937,0.106,0.148,0.993
540,541,0.0955,0.103,0.145,0.995
541,542,0.0972,0.102,0.145,1.0
542,543,0.099,0.0991,0.14,1.0
543,544,0.101,0.101,0.141,0.983
544,545,0.103,0.0986,0.139,1.0
545,546,0.105,0.0991,0.138,0.987
546,547,0.107,0.098,0.138,0.998
547,548,0.109,0.0967,0.136,0.995
548,549,0.111,0.0973,0.136,0.99
549,550,0.113,0.096,0.135,0.995
550,551,0.115,0.0942,0.133,0.996
551,552,0.117,0.0954,0.133,0.989
552,553,0.119,0.094,0.132,0.991
553,554,0.121,0.093,0.132,1.0
554,555,0.123,0.0914,0.128,0.988
555,556,0.126,0.0923,0.129,0.988
556,557,0.128,0.0912,0.13,1.0
557,558,0.13,0.0902,0.128,1.0
558,559,0.133,0.0875,0.124,1.0
559,560,0.135,0.0894,0.127,1.0
560,561,0.138,0.0881,0.123,0.986
561,562,0.14,0.0888,0.126,1.01
562,563,0.143,0.0873,0.122,0.992
563,564,0.146,0.0883,0.125,1.0
564,565,0.148,0.0857,0.121,0.994
565,566,0.151,0.0853,0.12,0.993
566,567,0.154,0.0864,0.122,1.0
567,568,0.157,0.0856,0.121,0.999
568,569,0.16,0.0852,0.119,0.988
569,570,0.163,0.0831,0.117,0.998
570,571,0.166,0.087,0.123,0.996
571,572,0.169,0.0876,0.124,0.999
572,573,0.172,0.0904,0.128,0.998
573,574,0.175,0.0881,0.125,1.01
574,575,0.178,0.0887,0.125,0.998
575,576,0.182,0.09,0.128,1.01
576,577,0.185,0.0958,0.138,1.02
577,578,0.188,0.0941,0.136,1.02
578,579,0.192,0.0995,0.144,1.02
579,580,0.195,0.0934,0.136,1.03
580,581,0.199,0.0996,0.145,1.03
581,582,0.203,0.0998,0.146,1.03
582,583,0.206,0.106,0.157,1.05
583,584,0.21,0.112,0.167,1.05
584,585,0.214,0.108,0.161,1.05
585,586,0.218,0.0964,0.142,1.04
586,587,0.222,0.1,0.146,1.03
587,588,0.226,0.095,0.137,1.02
588,589,0.23,0.0912,0.129,1.0
589,590,0.235,0.0879,0.124,0.998
590,591,0.239,0.0894,0.126,0.993
591,592,0.244,0.0844,0.119,0.997
592,593,0.248,0.0905,0.125,0.978
593,594,0.253,0.0818,0.114,0.982
594,595,0.257,0.0851,0.117,0.975
595,596,0.262,0.0812,0.111,0.967
596,597,0.267,0.0781,0.107,0.968
597,598,0.272,0.0827,0.114,0.974
598,599,0.277,0.0806,0.111,0.974
599,600,0.282,0.0806,0.111,0.971
