,Meas. Pts.,Sliding Speed,Friction Factor,Frictional Force,Normal Force
0,1,4.71e-06,0.046,0.0628,0.965
1,2,4.77e-06,0.059,0.0802,0.96
2,3,4.88e-06,0.0733,0.1,0.966
3,4,4.97e-06,0.0809,0.111,0.969
4,5,5.06e-06,0.085,0.118,0.981
5,6,5.16e-06,0.0902,0.125,0.979
6,7,5.25e-06,0.0947,0.131,0.977
7,8,5.33e-06,0.0973,0.135,0.978
8,9,5.45e-06,0.0977,0.137,0.991
9,10,5.54e-06,0.1,0.14,0.99
10,11,5.65e-06,0.104,0.145,0.988
11,12,5.76e-06,0.108,0.151,0.987
12,13,5.87e-06,0.112,0.157,0.988
13,14,5.96e-06,0.114,0.159,0.987
14,15,6.08e-06,0.116,0.162,0.986
15,16,6.18e-06,0.117,0.164,0.986
16,17,6.3e-06,0.12,0.168,0.986
17,18,6.42e-06,0.123,0.171,0.986
18,19,6.56e-06,0.126,0.175,0.985
19,20,6.67e-06,0.13,0.18,0.985
20,21,6.79e-06,0.132,0.184,0.985
21,22,6.91e-06,0.136,0.189,0.984
22,23,7.04e-06,0.139,0.194,0.983
23,24,7.16e-06,0.143,0.199,0.983
24,25,7.3e-06,0.146,0.203,0.983
25,26,7.44e-06,0.151,0.21,0.982
26,27,7.59e-06,0.156,0.217,0.983
27,28,7.73e-06,0.161,0.224,0.982
28,29,7.85e-06,0.163,0.226,0.981
29,30,8.01e-06,0.166,0.23,0.981
30,31,8.15e-06,0.168,0.233,0.981
31,32,8.3e-06,0.168,0.233,0.98
32,33,8.46e-06,0.166,0.23,0.98
33,34,8.62e-06,0.167,0.232,0.98
34,35,8.78e-06,0.168,0.232,0.98
35,36,8.95e-06,0.172,0.238,0.98
36,37,9.12e-06,0.177,0.245,0.98
37,38,9.28e-06,0.181,0.251,0.98
38,39,9.45e-06,0.185,0.256,0.98
39,40,9.62e-06,0.185,0.257,0.98
40,41,9.8e-06,0.186,0.258,0.979
41,42,9.98e-06,0.188,0.261,0.979
42,43,1.02e-05,0.193,0.267,0.979
43,44,1.04e-05,0.197,0.272,0.979
44,45,1.06e-05,0.201,0.278,0.98
45,46,1.07e-05,0.203,0.281,0.979
46,47,1.1e-05,0.205,0.284,0.978
47,48,1.11e-05,0.206,0.285,0.978
48,49,1.13e-05,0.209,0.289,0.978
49,50,1.16e-05,0.211,0.292,0.978
50,51,1.18e-05,0.212,0.293,0.978
51,52,1.2e-05,0.211,0.292,0.977
52,53,1.22e-05,0.21,0.292,0.983
53,54,1.25e-05,0.21,0.292,0.984
54,55,1.27e-05,0.211,0.294,0.983
55,56,1.29e-05,0.211,0.294,0.984
56,57,1.31e-05,0.216,0.3,0.984
57,58,1.34e-05,0.215,0.299,0.984
58,59,1.36e-05,0.214,0.298,0.985
59,60,1.39e-05,0.213,0.297,0.986
60,61,1.42e-05,0.21,0.292,0.986
61,62,1.44e-05,0.208,0.291,0.986
62,63,1.47e-05,0.207,0.289,0.986
63,64,1.5e-05,0.208,0.291,0.987
64,65,1.52e-05,0.207,0.289,0.987
65,66,1.55e-05,0.206,0.288,0.987
66,67,1.58e-05,0.212,0.297,0.988
67,68,1.61e-05,0.22,0.308,0.989
68,69,1.64e-05,0.226,0.317,0.991
69,70,1.67e-05,0.231,0.325,0.995
70,71,1.7e-05,0.233,0.328,0.997
71,72,1.73e-05,0.234,0.331,0.999
72,73,1.77e-05,0.229,0.324,1.0
73,74,1.8e-05,0.226,0.319,0.998
74,75,1.83e-05,0.214,0.301,0.996
75,76,1.86e-05,0.199,0.279,0.992
76,77,1.9e-05,0.198,0.277,0.988
77,78,1.93e-05,0.196,0.274,0.988
78,79,1.97e-05,0.194,0.271,0.987
79,80,2.01e-05,0.197,0.275,0.987
80,81,2.04e-05,0.198,0.276,0.988
81,82,2.08e-05,0.198,0.277,0.988
82,83,2.12e-05,0.199,0.278,0.989
83,84,2.16e-05,0.197,0.276,0.989
84,85,2.2e-05,0.2,0.28,0.989
85,86,2.24e-05,0.197,0.275,0.99
86,87,2.28e-05,0.192,0.269,0.991
87,88,2.32e-05,0.192,0.269,0.992
88,89,2.37e-05,0.186,0.262,0.994
89,90,2.41e-05,0.181,0.255,0.995
90,91,2.46e-05,0.182,0.256,0.995
91,92,2.5e-05,0.188,0.264,0.995
92,93,2.55e-05,0.189,0.266,0.995
93,94,2.59e-05,0.191,0.268,0.996
94,95,2.64e-05,0.185,0.261,0.996
95,96,2.69e-05,0.186,0.263,0.999
96,97,2.74e-05,0.187,0.264,1.0
97,98,2.79e-05,0.185,0.262,1.0
98,99,2.84e-05,0.18,0.255,1.0
99,100,2.9e-05,0.183,0.259,1.0
100,101,2.95e-05,0.185,0.262,1.0
101,102,3e-05,0.184,0.261,1.0
102,103,3.06e-05,0.184,0.262,1.01
103,104,3.12e-05,0.189,0.27,1.01
104,105,3.18e-05,0.191,0.272,1.01
105,106,3.24e-05,0.193,0.276,1.01
106,107,3.3e-05,0.197,0.281,1.01
107,108,3.35e-05,0.205,0.293,1.01
108,109,3.42e-05,0.21,0.301,1.01
109,110,3.48e-05,0.209,0.3,1.01
110,111,3.55e-05,0.206,0.296,1.02
111,112,3.61e-05,0.2,0.287,1.02
112,113,3.68e-05,0.2,0.289,1.02
113,114,3.75e-05,0.203,0.293,1.02
114,115,3.81e-05,0.206,0.297,1.02
115,116,3.89e-05,0.205,0.296,1.02
116,117,3.96e-05,0.2,0.29,1.02
117,118,4.03e-05,0.201,0.292,1.03
118,119,4.11e-05,0.197,0.286,1.02
119,120,4.18e-05,0.201,0.291,1.03
120,121,4.26e-05,0.202,0.291,1.02
121,122,4.34e-05,0.196,0.284,1.02
122,123,4.42e-05,0.199,0.287,1.02
123,124,4.5e-05,0.21,0.304,1.02
124,125,4.59e-05,0.21,0.304,1.02
125,126,4.67e-05,0.199,0.288,1.03
126,127,4.76e-05,0.187,0.272,1.03
127,128,4.84e-05,0.187,0.273,1.03
128,129,4.93e-05,0.197,0.283,1.02
129,130,5.03e-05,0.207,0.297,1.02
130,131,5.12e-05,0.194,0.279,1.02
131,132,5.22e-05,0.179,0.258,1.02
132,133,5.31e-05,0.178,0.257,1.02
133,134,5.41e-05,0.179,0.259,1.02
134,135,5.51e-05,0.177,0.255,1.02
135,136,5.61e-05,0.179,0.258,1.02
136,137,5.72e-05,0.173,0.25,1.02
137,138,5.82e-05,0.17,0.246,1.02
138,139,5.93e-05,0.17,0.247,1.02
139,140,6.04e-05,0.172,0.251,1.03
140,141,6.15e-05,0.167,0.243,1.03
141,142,6.26e-05,0.169,0.245,1.03
142,143,6.38e-05,0.167,0.241,1.02
143,144,6.5e-05,0.163,0.235,1.02
144,145,6.62e-05,0.169,0.244,1.02
145,146,6.75e-05,0.17,0.247,1.03
146,147,6.87e-05,0.16,0.232,1.03
147,148,7e-05,0.166,0.242,1.03
148,149,7.12e-05,0.172,0.25,1.03
149,150,7.26e-05,0.178,0.258,1.02
150,151,7.39e-05,0.166,0.24,1.02
151,152,7.53e-05,0.167,0.243,1.02
152,153,7.67e-05,0.174,0.25,1.02
153,154,7.81e-05,0.167,0.24,1.02
154,155,7.96e-05,0.171,0.248,1.02
155,156,8.11e-05,0.18,0.261,1.02
156,157,8.26e-05,0.181,0.262,1.03
157,158,8.4e-05,0.18,0.262,1.03
158,159,8.57e-05,0.178,0.26,1.03
159,160,8.72e-05,0.184,0.266,1.02
160,161,8.89e-05,0.202,0.293,1.02
161,162,9.05e-05,0.175,0.254,1.03
162,163,9.22e-05,0.17,0.247,1.03
163,164,9.39e-05,0.162,0.236,1.03
164,165,9.56e-05,0.153,0.22,1.02
165,166,9.74e-05,0.157,0.226,1.02
166,167,9.92e-05,0.173,0.251,1.03
167,168,0.000101,0.18,0.261,1.02
168,169,0.000103,0.187,0.27,1.02
169,170,0.000105,0.186,0.269,1.02
170,171,0.000107,0.172,0.249,1.02
171,172,0.000109,0.172,0.25,1.03
172,173,0.000111,0.166,0.242,1.03
173,174,0.000113,0.179,0.261,1.03
174,175,0.000115,0.186,0.27,1.03
175,176,0.000117,0.196,0.285,1.03
176,177,0.000119,0.187,0.271,1.02
177,178,0.000121,0.182,0.264,1.03
178,179,0.000124,0.179,0.257,1.01
179,180,0.000126,0.182,0.261,1.02
180,181,0.000128,0.208,0.3,1.02
181,182,0.000131,0.189,0.277,1.03
182,183,0.000133,0.186,0.271,1.03
183,184,0.000135,0.174,0.255,1.03
184,185,0.000138,0.201,0.294,1.03
185,186,0.000141,0.183,0.268,1.03
186,187,0.000143,0.16,0.233,1.03
187,188,0.000146,0.157,0.227,1.02
188,189,0.000149,0.151,0.218,1.02
189,190,0.000151,0.142,0.205,1.02
190,191,0.000154,0.169,0.245,1.03
191,192,0.000157,0.179,0.26,1.03
192,193,0.00016,0.167,0.242,1.03
193,194,0.000163,0.187,0.27,1.02
194,195,0.000166,0.201,0.291,1.02
195,196,0.000169,0.182,0.262,1.02
196,197,0.000172,0.188,0.268,1.01
197,198,0.000175,0.179,0.254,1.01
198,199,0.000179,0.161,0.23,1.01
199,200,0.000182,0.153,0.217,1.0
200,201,0.000185,0.16,0.226,0.998
201,202,0.000189,0.156,0.219,0.992
202,203,0.000192,0.151,0.211,0.986
203,204,0.000196,0.16,0.221,0.979
204,205,0.000199,0.16,0.22,0.971
205,206,0.000203,0.159,0.216,0.964
206,207,0.000207,0.175,0.238,0.964
207,208,0.000211,0.163,0.221,0.96
208,209,0.000215,0.154,0.209,0.96
209,210,0.000218,0.159,0.218,0.97
210,211,0.000223,0.157,0.215,0.971
211,212,0.000227,0.156,0.216,0.976
212,213,0.000231,0.186,0.257,0.979
213,214,0.000235,0.181,0.25,0.974
214,215,0.00024,0.169,0.232,0.969
215,216,0.000244,0.177,0.242,0.967
216,217,0.000249,0.182,0.247,0.96
217,218,0.000253,0.147,0.2,0.963
218,219,0.000258,0.152,0.21,0.979
219,220,0.000263,0.159,0.22,0.981
220,221,0.000267,0.155,0.216,0.983
221,222,0.000272,0.171,0.237,0.979
222,223,0.000278,0.175,0.24,0.971
223,224,0.000283,0.174,0.237,0.963
224,225,0.000288,0.174,0.238,0.963
225,226,0.000293,0.174,0.238,0.966
226,227,0.000299,0.182,0.25,0.972
227,228,0.000304,0.215,0.294,0.969
228,229,0.00031,0.177,0.243,0.97
229,230,0.000316,0.179,0.248,0.977
230,231,0.000321,0.169,0.232,0.968
231,232,0.000327,0.157,0.217,0.978
232,233,0.000333,0.165,0.228,0.977
233,234,0.00034,0.174,0.24,0.976
234,235,0.000346,0.145,0.201,0.976
235,236,0.000352,0.113,0.158,0.987
236,237,0.000359,0.162,0.227,0.99
237,238,0.000365,0.176,0.248,0.996
238,239,0.000372,0.184,0.262,1.01
239,240,0.000379,0.177,0.255,1.02
240,241,0.000386,0.173,0.25,1.02
241,242,0.000393,0.162,0.237,1.03
242,243,0.000401,0.148,0.218,1.04
243,244,0.000408,0.149,0.218,1.03
244,245,0.000416,0.149,0.216,1.03
245,246,0.000423,0.136,0.199,1.03
246,247,0.000431,0.159,0.229,1.02
247,248,0.000439,0.161,0.235,1.03
248,249,0.000447,0.145,0.213,1.04
249,250,0.000456,0.146,0.214,1.04
250,251,0.000464,0.142,0.21,1.04
251,252,0.000473,0.173,0.254,1.04
252,253,0.000481,0.144,0.213,1.04
253,254,0.00049,0.157,0.23,1.03
254,255,0.000499,0.154,0.226,1.03
255,256,0.000509,0.151,0.22,1.03
256,257,0.000518,0.136,0.196,1.02
257,258,0.000528,0.147,0.209,1.01
258,259,0.000537,0.13,0.182,0.987
259,260,0.000547,0.136,0.186,0.967
260,261,0.000558,0.146,0.196,0.953
261,262,0.000568,0.128,0.173,0.958
262,263,0.000578,0.138,0.189,0.965
263,264,0.000589,0.136,0.185,0.958
264,265,0.0006,0.135,0.182,0.958
265,266,0.000611,0.138,0.188,0.964
266,267,0.000623,0.146,0.201,0.973
267,268,0.000634,0.157,0.212,0.958
268,269,0.000646,0.155,0.212,0.969
269,270,0.000658,0.171,0.232,0.958
270,271,0.00067,0.166,0.231,0.982
271,272,0.000682,0.177,0.247,0.985
272,273,0.000695,0.143,0.201,0.994
273,274,0.000708,0.221,0.315,1.0
274,275,0.000721,0.213,0.31,1.03
275,276,0.000735,0.2,0.294,1.04
276,277,0.000748,0.173,0.256,1.04
277,278,0.000762,0.214,0.316,1.04
278,279,0.000776,0.229,0.337,1.04
279,280,0.00079,0.238,0.354,1.05
280,281,0.000805,0.213,0.317,1.05
281,282,0.00082,0.237,0.354,1.06
282,283,0.000835,0.214,0.316,1.04
283,284,0.000851,0.227,0.326,1.01
284,285,0.000866,0.2,0.281,0.991
285,286,0.000882,0.186,0.254,0.967
286,287,0.000899,0.179,0.239,0.947
287,288,0.000915,0.177,0.237,0.944
288,289,0.000932,0.192,0.257,0.946
289,290,0.00095,0.194,0.263,0.957
290,291,0.000967,0.197,0.267,0.961
291,292,0.000985,0.194,0.264,0.961
292,293,0.001,0.207,0.283,0.965
293,294,0.00102,0.2,0.274,0.967
294,295,0.00104,0.146,0.202,0.982
295,296,0.00106,0.206,0.295,1.01
296,297,0.00108,0.222,0.33,1.05
297,298,0.0011,0.212,0.319,1.06
298,299,0.00112,0.218,0.325,1.05
299,300,0.00114,0.198,0.295,1.05
300,301,0.00116,0.222,0.333,1.06
301,302,0.00118,0.187,0.276,1.05
302,303,0.00121,0.21,0.303,1.02
303,304,0.00123,0.208,0.29,0.985
304,305,0.00125,0.22,0.291,0.933
305,306,0.00127,0.237,0.314,0.936
306,307,0.0013,0.217,0.293,0.957
307,308,0.00132,0.221,0.296,0.947
308,309,0.00135,0.238,0.317,0.942
309,310,0.00137,0.228,0.31,0.961
310,311,0.0014,0.205,0.285,0.986
311,312,0.00142,0.231,0.333,1.02
312,313,0.00145,0.205,0.3,1.04
313,314,0.00148,0.232,0.347,1.06
314,315,0.0015,0.225,0.347,1.09
315,316,0.00153,0.208,0.313,1.06
316,317,0.00156,0.201,0.288,1.01
317,318,0.00159,0.204,0.276,0.955
318,319,0.00162,0.205,0.267,0.921
319,320,0.00165,0.189,0.246,0.918
320,321,0.00168,0.205,0.277,0.953
321,322,0.00171,0.21,0.285,0.962
322,323,0.00174,0.234,0.331,1.0
323,324,0.00177,0.214,0.319,1.06
324,325,0.00181,0.269,0.406,1.07
325,326,0.00184,0.258,0.399,1.1
326,327,0.00187,0.263,0.404,1.09
327,328,0.00191,0.242,0.347,1.01
328,329,0.00194,0.231,0.304,0.931
329,330,0.00198,0.26,0.341,0.926
330,331,0.00202,0.251,0.335,0.943
331,332,0.00205,0.252,0.341,0.955
332,333,0.00209,0.245,0.352,1.02
333,334,0.00213,0.245,0.372,1.07
334,335,0.00217,0.244,0.377,1.1
335,336,0.00221,0.227,0.357,1.11
336,337,0.00225,0.227,0.337,1.05
337,338,0.00229,0.246,0.336,0.965
338,339,0.00234,0.239,0.316,0.936
339,340,0.00238,0.256,0.334,0.922
340,341,0.00242,0.205,0.281,0.969
341,342,0.00247,0.244,0.351,1.02
342,343,0.00251,0.274,0.411,1.06
343,344,0.00256,0.245,0.379,1.09
344,345,0.00261,0.229,0.326,1.01
345,346,0.00266,0.22,0.29,0.934
346,347,0.00271,0.228,0.297,0.921
347,348,0.00276,0.229,0.305,0.942
348,349,0.00281,0.243,0.355,1.04
349,350,0.00286,0.288,0.446,1.1
350,351,0.00291,0.277,0.433,1.11
351,352,0.00297,0.249,0.348,0.988
352,353,0.00302,0.274,0.362,0.936
353,354,0.00308,0.277,0.364,0.931
354,355,0.00313,0.265,0.378,1.01
355,356,0.00319,0.272,0.418,1.09
356,357,0.00325,0.25,0.401,1.14
357,358,0.00331,0.253,0.357,1.0
358,359,0.00337,0.252,0.335,0.94
359,360,0.00344,0.245,0.32,0.922
360,361,0.0035,0.265,0.375,1.0
361,362,0.00356,0.279,0.425,1.08
362,363,0.00363,0.242,0.36,1.05
363,364,0.0037,0.231,0.306,0.936
364,365,0.00377,0.251,0.32,0.9
365,366,0.00384,0.262,0.374,1.01
366,367,0.00391,0.297,0.466,1.11
367,368,0.00398,0.262,0.377,1.02
368,369,0.00405,0.278,0.367,0.931
369,370,0.00413,0.261,0.35,0.948
370,371,0.0042,0.275,0.416,1.07
371,372,0.00428,0.265,0.435,1.16
372,373,0.00436,0.252,0.361,1.01
373,374,0.00444,0.262,0.346,0.933
374,375,0.00453,0.283,0.398,0.994
375,376,0.00461,0.288,0.446,1.1
376,377,0.00469,0.251,0.355,1.0
377,378,0.00478,0.256,0.33,0.912
378,379,0.00487,0.273,0.388,1.0
379,380,0.00496,0.299,0.472,1.12
380,381,0.00505,0.259,0.347,0.947
381,382,0.00515,0.275,0.356,0.916
382,383,0.00524,0.286,0.429,1.06
383,384,0.00534,0.258,0.404,1.11
384,385,0.00544,0.261,0.348,0.943
385,386,0.00554,0.271,0.364,0.95
386,387,0.00564,0.289,0.44,1.08
387,388,0.00575,0.253,0.342,0.955
388,389,0.00585,0.263,0.333,0.898
389,390,0.00596,0.31,0.475,1.09
390,391,0.00607,0.255,0.355,0.983
391,392,0.00618,0.274,0.357,0.92
392,393,0.0063,0.292,0.454,1.1
393,394,0.00642,0.252,0.356,0.999
394,395,0.00653,0.258,0.33,0.906
395,396,0.00666,0.3,0.445,1.05
396,397,0.00678,0.251,0.336,0.948
397,398,0.0069,0.27,0.35,0.918
398,399,0.00703,0.284,0.444,1.11
399,400,0.00716,0.263,0.346,0.93
400,401,0.00729,0.281,0.417,1.05
401,402,0.00743,0.253,0.376,1.05
402,403,0.00757,0.267,0.344,0.911
403,404,0.00771,0.281,0.424,1.07
404,405,0.00785,0.257,0.325,0.893
405,406,0.008,0.295,0.42,1.01
406,407,0.00814,0.253,0.342,0.958
407,408,0.0083,0.267,0.369,0.978
408,409,0.00845,0.254,0.389,1.08
409,410,0.00861,0.273,0.357,0.926
410,411,0.00877,0.27,0.411,1.08
411,412,0.00893,0.264,0.333,0.891
412,413,0.00909,0.277,0.429,1.1
413,414,0.00926,0.268,0.347,0.918
414,415,0.00943,0.273,0.434,1.12
415,416,0.00961,0.264,0.343,0.921
416,417,0.00979,0.268,0.41,1.08
417,418,0.00997,0.263,0.338,0.909
418,419,0.0102,0.26,0.399,1.09
419,420,0.0103,0.263,0.358,0.961
420,421,0.0105,0.245,0.364,1.05
421,422,0.0107,0.282,0.392,0.981
422,423,0.0109,0.255,0.339,0.938
423,424,0.0111,0.284,0.434,1.08
424,425,0.0113,0.262,0.342,0.925
425,426,0.0115,0.249,0.384,1.09
426,427,0.0118,0.278,0.389,0.99
427,428,0.012,0.254,0.331,0.921
428,429,0.0122,0.259,0.394,1.08
429,430,0.0124,0.26,0.356,0.971
430,431,0.0127,0.245,0.335,0.967
431,432,0.0129,0.254,0.386,1.07
432,433,0.0131,0.268,0.375,0.988
433,434,0.0134,0.249,0.326,0.926
434,435,0.0136,0.244,0.376,1.09
435,436,0.0139,0.269,0.404,1.06
436,437,0.0141,0.258,0.345,0.944
437,438,0.0144,0.245,0.321,0.928
438,439,0.0147,0.239,0.358,1.06
439,440,0.0149,0.253,0.38,1.06
440,441,0.0152,0.257,0.362,0.997
441,442,0.0155,0.249,0.33,0.937
442,443,0.0158,0.237,0.317,0.944
443,444,0.0161,0.236,0.323,0.968
444,445,0.0164,0.231,0.336,1.03
445,446,0.0167,0.244,0.377,1.09
446,447,0.017,0.246,0.364,1.05
447,448,0.0173,0.25,0.37,1.05
448,449,0.0176,0.246,0.359,1.03
449,450,0.0179,0.248,0.345,0.985
450,451,0.0183,0.247,0.342,0.98
451,452,0.0186,0.243,0.341,0.991
452,453,0.019,0.245,0.34,0.982
453,454,0.0193,0.24,0.333,0.981
454,455,0.0197,0.24,0.341,1.01
455,456,0.02,0.242,0.34,0.993
456,457,0.0204,0.233,0.342,1.04
457,458,0.0208,0.23,0.353,1.09
458,459,0.0212,0.226,0.331,1.04
459,460,0.0216,0.216,0.305,1.0
460,461,0.022,0.217,0.297,0.97
461,462,0.0224,0.227,0.301,0.937
462,463,0.0228,0.229,0.333,1.03
463,464,0.0232,0.221,0.318,1.02
464,465,0.0236,0.21,0.295,0.992
465,466,0.0241,0.22,0.304,0.975
466,467,0.0245,0.217,0.315,1.03
467,468,0.025,0.214,0.317,1.05
468,469,0.0254,0.216,0.288,0.943
469,470,0.0259,0.217,0.324,1.05
470,471,0.0264,0.211,0.295,0.988
471,472,0.0269,0.219,0.311,1.0
472,473,0.0274,0.209,0.296,1.0
473,474,0.0279,0.212,0.295,0.981
474,475,0.0284,0.207,0.294,1.0
475,476,0.0289,0.213,0.298,0.991
476,477,0.0295,0.205,0.288,0.994
477,478,0.03,0.211,0.306,1.02
478,479,0.0306,0.201,0.275,0.969
479,480,0.0311,0.203,0.299,1.04
480,481,0.0317,0.199,0.279,0.994
481,482,0.0323,0.198,0.279,0.998
482,483,0.0329,0.194,0.273,0.997
483,484,0.0335,0.199,0.282,1.0
484,485,0.0341,0.201,0.288,1.01
485,486,0.0348,0.196,0.274,0.986
486,487,0.0354,0.192,0.273,1.01
487,488,0.0361,0.188,0.265,0.994
488,489,0.0367,0.192,0.268,0.987
489,490,0.0374,0.194,0.279,1.02
490,491,0.0381,0.186,0.262,0.997
491,492,0.0388,0.189,0.265,0.991
492,493,0.0395,0.188,0.27,1.02
493,494,0.0403,0.187,0.267,1.01
494,495,0.041,0.181,0.253,0.989
495,496,0.0418,0.186,0.258,0.985
496,497,0.0425,0.187,0.269,1.02
497,498,0.0433,0.183,0.263,1.02
498,499,0.0441,0.175,0.243,0.981
499,500,0.045,0.18,0.251,0.987
500,501,0.0458,0.175,0.252,1.01
501,502,0.0466,0.183,0.26,1.0
502,503,0.0475,0.177,0.253,1.02
503,504,0.0484,0.172,0.24,0.987
504,505,0.0493,0.168,0.233,0.981
505,506,0.0502,0.169,0.241,1.01
506,507,0.0511,0.172,0.238,0.979
507,508,0.0521,0.17,0.235,0.979
508,509,0.053,0.168,0.24,1.01
509,510,0.054,0.167,0.243,1.03
510,511,0.055,0.167,0.243,1.03
511,512,0.056,0.165,0.241,1.03
512,513,0.0571,0.165,0.24,1.03
513,514,0.0581,0.163,0.237,1.03
514,515,0.0592,0.164,0.234,1.01
515,516,0.0603,0.159,0.222,0.986
516,517,0.0614,0.16,0.223,0.983
517,518,0.0626,0.155,0.22,1.0
518,519,0.0637,0.154,0.214,0.985
519,520,0.0649,0.157,0.222,0.998
520,521,0.0661,0.155,0.22,1.01
521,522,0.0673,0.157,0.224,1.01
522,523,0.0686,0.151,0.212,0.992
523,524,0.0699,0.148,0.208,0.992
524,525,0.0711,0.147,0.209,1.01
525,526,0.0725,0.15,0.212,1.0
526,527,0.0738,0.144,0.203,0.997
527,528,0.0752,0.147,0.207,0.998
528,529,0.0766,0.148,0.209,1.0
529,530,0.078,0.142,0.199,0.995
530,531,0.0794,0.142,0.201,0.997
531,532,0.0809,0.143,0.203,1.0
532,533,0.0824,0.14,0.198,1.0
533,534,0.0839,0.142,0.2,0.994
534,535,0.0855,0.137,0.195,1.0
535,536,0.0871,0.139,0.196,1.0
536,537,0.0887,0.135,0.189,0.992
537,538,0.0903,0.129,0.183,1.0
538,539,0.092,0.132,0.188,1.01
539,540,0.0937,0.13,0.185,1.01
540,541,0.0955,0.128,0.184,1.01
541,542,0.0972,0.129,0.183,1.0
542,543,0.099,0.128,0.179,0.992
543,544,0.101,0.128,0.181,0.997
544,545,0.103,0.126,0.178,0.999
545,546,0.105,0.127,0.179,1.0
546,547,0.107,0.124,0.175,0.995
547,548,0.109,0.126,0.177,0.998
548,549,0.111,0.122,0.173,1.0
549,550,0.113,0.122,0.173,0.998
550,551,0.115,0.122,0.172,0.997
551,552,0.117,0.119,0.168,0.995
552,553,0.119,0.116,0.165,1.01
553,554,0.121,0.117,0.164,0.991
554,555,0.123,0.116,0.166,1.01
555,556,0.126,0.117,0.165,0.998
556,557,0.128,0.115,0.162,0.995
557,558,0.13,0.112,0.158,0.994
558,559,0.133,0.112,0.159,1.0
559,560,0.135,0.111,0.156,0.995
560,561,0.138,0.111,0.157,1.0
561,562,0.14,0.108,0.154,1.0
562,563,0.143,0.111,0.157,1.0
563,564,0.146,0.107,0.151,1.0
564,565,0.148,0.107,0.153,1.01
565,566,0.151,0.104,0.147,0.997
566,567,0.154,0.103,0.147,1.0
567,568,0.157,0.103,0.147,1.01
568,569,0.16,0.107,0.152,1.01
569,570,0.163,0.109,0.155,1.01
570,571,0.166,0.111,0.159,1.01
571,572,0.169,0.11,0.158,1.01
572,573,0.172,0.11,0.158,1.02
573,574,0.175,0.107,0.153,1.01
574,575,0.178,0.115,0.165,1.02
575,576,0.182,0.118,0.174,1.04
576,577,0.185,0.118,0.174,1.04
577,578,0.188,0.116,0.171,1.04
578,579,0.192,0.117,0.172,1.04
579,580,0.195,0.115,0.17,1.04
580,581,0.199,0.116,0.171,1.04
581,582,0.203,0.122,0.179,1.04
582,583,0.206,0.127,0.194,1.08
583,584,0.21,0.126,0.193,1.08
584,585,0.214,0.122,0.187,1.08
585,586,0.218,0.118,0.179,1.07
586,587,0.222,0.112,0.169,1.07
587,588,0.226,0.11,0.165,1.06
588,589,0.231,0.103,0.153,1.05
589,590,0.235,0.106,0.157,1.04
590,591,0.239,0.104,0.154,1.04
591,592,0.244,0.106,0.155,1.03
592,593,0.248,0.0954,0.138,1.02
593,594,0.253,0.0955,0.138,1.02
594,595,0.257,0.0974,0.137,0.997
595,596,0.262,0.0929,0.13,0.986
596,597,0.267,0.0906,0.128,0.995
597,598,0.272,0.088,0.12,0.962
598,599,0.277,0.0926,0.125,0.954
599,600,0.282,0.0883,0.119,0.955
