,Meas. Pts.,Sliding Speed,Friction Factor,Frictional Force,Normal Force
0,1,4.77e-06,0.3,0.425,1.0
1,2,4.79e-06,0.375,0.535,1.01
2,3,4.87e-06,0.398,0.568,1.01
3,4,4.97e-06,0.414,0.592,1.01
4,5,5.06e-06,0.424,0.607,1.01
5,6,5.16e-06,0.433,0.62,1.01
6,7,5.24e-06,0.442,0.632,1.01
7,8,5.34e-06,0.447,0.639,1.01
8,9,5.45e-06,0.447,0.639,1.01
9,10,5.55e-06,0.447,0.639,1.01
10,11,5.65e-06,0.448,0.641,1.01
11,12,5.75e-06,0.449,0.642,1.01
12,13,5.86e-06,0.448,0.64,1.01
13,14,5.98e-06,0.44,0.629,1.01
14,15,6.09e-06,0.43,0.613,1.01
15,16,6.19e-06,0.416,0.594,1.01
16,17,6.31e-06,0.404,0.577,1.01
17,18,6.43e-06,0.395,0.563,1.01
18,19,6.55e-06,0.387,0.551,1.01
19,20,6.65e-06,0.382,0.544,1.01
20,21,6.79e-06,0.379,0.54,1.01
21,22,6.92e-06,0.373,0.531,1.01
22,23,7.04e-06,0.373,0.531,1.01
23,24,7.17e-06,0.378,0.538,1.01
24,25,7.32e-06,0.377,0.536,1.01
25,26,7.46e-06,0.369,0.526,1.01
26,27,7.58e-06,0.372,0.529,1.01
27,28,7.71e-06,0.379,0.539,1.01
28,29,7.85e-06,0.381,0.542,1.01
29,30,8.01e-06,0.384,0.547,1.01
30,31,8.17e-06,0.389,0.553,1.01
31,32,8.32e-06,0.392,0.559,1.01
32,33,8.45e-06,0.391,0.557,1.01
33,34,8.62e-06,0.393,0.56,1.01
34,35,8.79e-06,0.39,0.554,1.01
35,36,8.95e-06,0.387,0.549,1.0
36,37,9.1e-06,0.387,0.55,1.0
37,38,9.28e-06,0.389,0.553,1.0
38,39,9.45e-06,0.395,0.562,1.01
39,40,9.63e-06,0.406,0.576,1.0
40,41,9.8e-06,0.407,0.578,1.0
41,42,9.99e-06,0.405,0.574,1.0
42,43,1.02e-05,0.398,0.564,1.0
43,44,1.04e-05,0.391,0.555,1.0
44,45,1.06e-05,0.386,0.547,1.0
45,46,1.07e-05,0.383,0.542,1.0
46,47,1.09e-05,0.384,0.543,1.0
47,48,1.12e-05,0.375,0.531,1.0
48,49,1.14e-05,0.362,0.513,1.0
49,50,1.16e-05,0.352,0.498,1.0
50,51,1.18e-05,0.339,0.48,1.0
51,52,1.2e-05,0.333,0.472,1.0
52,53,1.22e-05,0.325,0.46,1.0
53,54,1.25e-05,0.318,0.45,1.0
54,55,1.27e-05,0.316,0.448,1.0
55,56,1.29e-05,0.32,0.452,1.0
56,57,1.31e-05,0.326,0.461,0.999
57,58,1.34e-05,0.337,0.477,1.0
58,59,1.36e-05,0.353,0.499,0.999
59,60,1.39e-05,0.36,0.508,0.998
60,61,1.42e-05,0.373,0.527,0.999
61,62,1.44e-05,0.379,0.535,0.998
62,63,1.47e-05,0.374,0.528,0.998
63,64,1.5e-05,0.374,0.527,0.997
64,65,1.52e-05,0.377,0.532,0.997
65,66,1.55e-05,0.375,0.529,0.997
66,67,1.58e-05,0.369,0.52,0.998
67,68,1.61e-05,0.367,0.518,0.996
68,69,1.64e-05,0.366,0.515,0.996
69,70,1.67e-05,0.372,0.524,0.996
70,71,1.7e-05,0.38,0.534,0.995
71,72,1.73e-05,0.383,0.539,0.995
72,73,1.76e-05,0.391,0.55,0.995
73,74,1.8e-05,0.394,0.555,0.994
74,75,1.83e-05,0.383,0.538,0.994
75,76,1.86e-05,0.381,0.535,0.992
76,77,1.9e-05,0.386,0.544,0.996
77,78,1.93e-05,0.395,0.555,0.994
78,79,1.97e-05,0.401,0.567,0.999
79,80,2.01e-05,0.414,0.585,0.999
80,81,2.04e-05,0.436,0.615,0.998
81,82,2.08e-05,0.457,0.644,0.998
82,83,2.12e-05,0.468,0.659,0.996
83,84,2.16e-05,0.47,0.66,0.994
84,85,2.2e-05,0.454,0.638,0.993
85,86,2.24e-05,0.444,0.623,0.992
86,87,2.28e-05,0.424,0.595,0.991
87,88,2.32e-05,0.404,0.566,0.991
88,89,2.36e-05,0.382,0.535,0.991
89,90,2.41e-05,0.387,0.542,0.991
90,91,2.46e-05,0.385,0.539,0.989
91,92,2.5e-05,0.376,0.526,0.988
92,93,2.55e-05,0.375,0.523,0.987
93,94,2.59e-05,0.367,0.512,0.986
94,95,2.64e-05,0.362,0.504,0.985
95,96,2.69e-05,0.355,0.494,0.983
96,97,2.74e-05,0.352,0.489,0.982
97,98,2.79e-05,0.359,0.499,0.981
98,99,2.85e-05,0.356,0.493,0.98
99,100,2.9e-05,0.344,0.477,0.979
100,101,2.95e-05,0.359,0.497,0.979
101,102,3.01e-05,0.376,0.521,0.979
102,103,3.06e-05,0.389,0.538,0.978
103,104,3.12e-05,0.395,0.546,0.978
104,105,3.18e-05,0.397,0.548,0.977
105,106,3.23e-05,0.388,0.536,0.976
106,107,3.29e-05,0.358,0.494,0.976
107,108,3.36e-05,0.338,0.472,0.988
108,109,3.42e-05,0.328,0.458,0.986
109,110,3.48e-05,0.336,0.468,0.985
110,111,3.55e-05,0.327,0.454,0.982
111,112,3.61e-05,0.322,0.447,0.98
112,113,3.68e-05,0.326,0.451,0.978
113,114,3.75e-05,0.333,0.46,0.977
114,115,3.82e-05,0.341,0.47,0.975
115,116,3.88e-05,0.354,0.487,0.973
116,117,3.96e-05,0.384,0.529,0.973
117,118,4.03e-05,0.393,0.545,0.981
118,119,4.11e-05,0.364,0.507,0.985
119,120,4.18e-05,0.313,0.433,0.978
120,121,4.26e-05,0.333,0.459,0.974
121,122,4.34e-05,0.336,0.462,0.973
122,123,4.42e-05,0.33,0.454,0.972
123,124,4.5e-05,0.324,0.445,0.97
124,125,4.59e-05,0.316,0.436,0.974
125,126,4.67e-05,0.321,0.443,0.976
126,127,4.75e-05,0.313,0.433,0.978
127,128,4.84e-05,0.316,0.435,0.975
128,129,4.94e-05,0.332,0.458,0.974
129,130,5.03e-05,0.328,0.452,0.975
130,131,5.12e-05,0.346,0.482,0.985
131,132,5.22e-05,0.347,0.485,0.989
132,133,5.32e-05,0.336,0.466,0.981
133,134,5.41e-05,0.297,0.406,0.966
134,135,5.51e-05,0.3,0.409,0.964
135,136,5.61e-05,0.306,0.419,0.968
136,137,5.72e-05,0.336,0.459,0.966
137,138,5.82e-05,0.358,0.488,0.963
138,139,5.93e-05,0.339,0.469,0.978
139,140,6.04e-05,0.304,0.42,0.979
140,141,6.15e-05,0.295,0.408,0.978
141,142,6.27e-05,0.302,0.417,0.976
142,143,6.38e-05,0.314,0.434,0.975
143,144,6.5e-05,0.331,0.457,0.977
144,145,6.62e-05,0.32,0.443,0.981
145,146,6.74e-05,0.318,0.444,0.987
146,147,6.87e-05,0.317,0.441,0.984
147,148,7e-05,0.336,0.465,0.981
148,149,7.13e-05,0.362,0.501,0.979
149,150,7.26e-05,0.33,0.455,0.975
150,151,7.39e-05,0.322,0.447,0.982
151,152,7.53e-05,0.343,0.476,0.981
152,153,7.67e-05,0.345,0.477,0.978
153,154,7.81e-05,0.352,0.486,0.977
154,155,7.96e-05,0.35,0.482,0.974
155,156,8.1e-05,0.352,0.485,0.973
156,157,8.26e-05,0.359,0.494,0.972
157,158,8.4e-05,0.351,0.483,0.974
158,159,8.57e-05,0.355,0.493,0.981
159,160,8.72e-05,0.338,0.469,0.98
160,161,8.89e-05,0.333,0.465,0.988
161,162,9.04e-05,0.321,0.45,0.99
162,163,9.22e-05,0.366,0.514,0.994
163,164,9.39e-05,0.349,0.49,0.993
164,165,9.56e-05,0.308,0.427,0.979
165,166,9.74e-05,0.333,0.462,0.98
166,167,9.92e-05,0.354,0.499,0.997
167,168,0.000101,0.312,0.439,0.994
168,169,0.000103,0.367,0.51,0.983
169,170,0.000105,0.356,0.495,0.984
170,171,0.000107,0.342,0.475,0.983
171,172,0.000109,0.348,0.482,0.981
172,173,0.000111,0.361,0.499,0.977
173,174,0.000113,0.336,0.468,0.985
174,175,0.000115,0.338,0.475,0.995
175,176,0.000117,0.358,0.503,0.994
176,177,0.000119,0.332,0.466,0.994
177,178,0.000121,0.36,0.507,0.995
178,179,0.000123,0.285,0.398,0.985
179,180,0.000126,0.334,0.457,0.966
180,181,0.000128,0.339,0.466,0.97
181,182,0.000131,0.377,0.531,0.997
182,183,0.000133,0.311,0.434,0.985
183,184,0.000136,0.321,0.447,0.984
184,185,0.000138,0.313,0.433,0.978
185,186,0.000141,0.329,0.458,0.985
186,187,0.000143,0.288,0.397,0.974
187,188,0.000146,0.301,0.412,0.966
188,189,0.000149,0.33,0.451,0.968
189,190,0.000151,0.324,0.444,0.968
190,191,0.000154,0.322,0.443,0.974
191,192,0.000157,0.316,0.433,0.967
192,193,0.00016,0.327,0.449,0.97
193,194,0.000163,0.335,0.461,0.974
194,195,0.000166,0.361,0.497,0.972
195,196,0.000169,0.317,0.436,0.972
196,197,0.000172,0.327,0.454,0.981
197,198,0.000175,0.329,0.458,0.985
198,199,0.000179,0.377,0.526,0.988
199,200,0.000182,0.334,0.467,0.988
200,201,0.000185,0.294,0.412,0.991
201,202,0.000189,0.288,0.405,0.993
202,203,0.000192,0.311,0.439,0.997
203,204,0.000196,0.327,0.462,1.0
204,205,0.000199,0.34,0.482,1.0
205,206,0.000203,0.339,0.485,1.01
206,207,0.000207,0.305,0.437,1.01
207,208,0.000211,0.314,0.454,1.02
208,209,0.000215,0.33,0.482,1.03
209,210,0.000219,0.337,0.495,1.04
210,211,0.000223,0.337,0.494,1.04
211,212,0.000227,0.352,0.516,1.04
212,213,0.000231,0.368,0.537,1.03
213,214,0.000235,0.373,0.544,1.03
214,215,0.000239,0.345,0.499,1.02
215,216,0.000244,0.366,0.535,1.03
216,217,0.000248,0.351,0.513,1.03
217,218,0.000253,0.324,0.474,1.03
218,219,0.000258,0.335,0.489,1.03
219,220,0.000262,0.326,0.474,1.03
220,221,0.000267,0.336,0.487,1.02
221,222,0.000272,0.339,0.492,1.03
222,223,0.000278,0.339,0.497,1.04
223,224,0.000283,0.334,0.489,1.04
224,225,0.000288,0.342,0.498,1.03
225,226,0.000293,0.31,0.451,1.03
226,227,0.000299,0.317,0.461,1.03
227,228,0.000304,0.309,0.449,1.03
228,229,0.00031,0.301,0.439,1.03
229,230,0.000315,0.31,0.453,1.03
230,231,0.000321,0.338,0.496,1.04
231,232,0.000327,0.306,0.448,1.03
232,233,0.000333,0.312,0.453,1.03
233,234,0.000339,0.295,0.429,1.03
234,235,0.000346,0.337,0.485,1.02
235,236,0.000352,0.323,0.459,1.0
236,237,0.000359,0.328,0.463,0.999
237,238,0.000365,0.297,0.417,0.992
238,239,0.000372,0.297,0.413,0.984
239,240,0.000379,0.295,0.404,0.97
240,241,0.000386,0.343,0.467,0.962
241,242,0.000393,0.298,0.404,0.961
242,243,0.0004,0.308,0.415,0.954
243,244,0.000408,0.327,0.448,0.968
244,245,0.000415,0.289,0.397,0.971
245,246,0.000423,0.31,0.423,0.965
246,247,0.000431,0.338,0.459,0.958
247,248,0.000439,0.297,0.403,0.96
248,249,0.000447,0.306,0.426,0.983
249,250,0.000456,0.3,0.415,0.978
250,251,0.000464,0.32,0.435,0.961
251,252,0.000473,0.298,0.406,0.963
252,253,0.000481,0.303,0.414,0.966
253,254,0.00049,0.304,0.416,0.967
254,255,0.000499,0.303,0.417,0.974
255,256,0.000509,0.311,0.429,0.974
256,257,0.000518,0.303,0.417,0.973
257,258,0.000528,0.32,0.439,0.971
258,259,0.000537,0.311,0.432,0.984
259,260,0.000547,0.332,0.467,0.994
260,261,0.000558,0.362,0.518,1.01
261,262,0.000568,0.382,0.551,1.02
262,263,0.000578,0.366,0.536,1.04
263,264,0.000589,0.331,0.486,1.04
264,265,0.0006,0.327,0.471,1.02
265,266,0.000611,0.363,0.525,1.02
266,267,0.000623,0.363,0.534,1.04
267,268,0.000634,0.358,0.533,1.05
268,269,0.000646,0.314,0.47,1.06
269,270,0.000658,0.349,0.521,1.06
270,271,0.00067,0.347,0.515,1.05
271,272,0.000683,0.333,0.494,1.05
272,273,0.000695,0.282,0.411,1.03
273,274,0.000708,0.292,0.418,1.01
274,275,0.000721,0.329,0.46,0.989
275,276,0.000735,0.319,0.433,0.96
276,277,0.000748,0.314,0.424,0.955
277,278,0.000762,0.298,0.4,0.947
278,279,0.000776,0.328,0.44,0.948
279,280,0.00079,0.32,0.431,0.952
280,281,0.000805,0.336,0.454,0.955
281,282,0.00082,0.329,0.44,0.947
282,283,0.000835,0.361,0.492,0.964
283,284,0.000851,0.347,0.471,0.958
284,285,0.000867,0.367,0.502,0.969
285,286,0.000882,0.347,0.491,0.999
286,287,0.000899,0.341,0.493,1.02
287,288,0.000916,0.377,0.556,1.04
288,289,0.000932,0.349,0.517,1.05
289,290,0.00095,0.403,0.602,1.06
290,291,0.000967,0.37,0.554,1.06
291,292,0.000985,0.348,0.527,1.07
292,293,0.001,0.356,0.539,1.07
293,294,0.00102,0.373,0.553,1.05
294,295,0.00104,0.357,0.509,1.01
295,296,0.00106,0.351,0.488,0.982
296,297,0.00108,0.329,0.44,0.945
297,298,0.0011,0.328,0.431,0.929
298,299,0.00112,0.347,0.461,0.939
299,300,0.00114,0.356,0.475,0.945
300,301,0.00116,0.332,0.445,0.947
301,302,0.00118,0.327,0.446,0.966
302,303,0.00121,0.344,0.473,0.972
303,304,0.00123,0.352,0.493,0.992
304,305,0.00125,0.336,0.494,1.04
305,306,0.00127,0.352,0.525,1.05
306,307,0.0013,0.336,0.498,1.05
307,308,0.00132,0.364,0.55,1.07
308,309,0.00135,0.348,0.531,1.08
309,310,0.00137,0.326,0.488,1.06
310,311,0.0014,0.307,0.442,1.02
311,312,0.00142,0.321,0.436,0.96
312,313,0.00145,0.311,0.409,0.932
313,314,0.00148,0.313,0.412,0.931
314,315,0.0015,0.325,0.432,0.94
315,316,0.00153,0.326,0.429,0.931
316,317,0.00156,0.348,0.472,0.959
317,318,0.00159,0.351,0.496,1.0
318,319,0.00162,0.335,0.488,1.03
319,320,0.00165,0.356,0.525,1.04
320,321,0.00168,0.342,0.525,1.09
321,322,0.00171,0.349,0.537,1.09
322,323,0.00174,0.308,0.451,1.04
323,324,0.00177,0.306,0.42,0.971
324,325,0.00181,0.325,0.424,0.924
325,326,0.00184,0.347,0.463,0.944
326,327,0.00187,0.347,0.466,0.95
327,328,0.00191,0.356,0.485,0.964
328,329,0.00194,0.364,0.53,1.03
329,330,0.00198,0.373,0.569,1.08
330,331,0.00202,0.35,0.539,1.09
331,332,0.00205,0.366,0.557,1.08
332,333,0.00209,0.331,0.471,1.01
333,334,0.00213,0.32,0.421,0.928
334,335,0.00217,0.33,0.431,0.923
335,336,0.00221,0.323,0.426,0.934
336,337,0.00225,0.336,0.461,0.97
337,338,0.00229,0.327,0.484,1.05
338,339,0.00234,0.35,0.54,1.09
339,340,0.00238,0.339,0.535,1.12
340,341,0.00242,0.314,0.477,1.08
341,342,0.00247,0.313,0.435,0.982
342,343,0.00251,0.304,0.404,0.94
343,344,0.00256,0.31,0.396,0.903
344,345,0.00261,0.321,0.428,0.943
345,346,0.00266,0.322,0.459,1.01
346,347,0.00271,0.334,0.505,1.07
347,348,0.00276,0.307,0.467,1.07
348,349,0.00281,0.292,0.405,0.979
349,350,0.00286,0.311,0.402,0.915
350,351,0.00291,0.327,0.423,0.914
351,352,0.00297,0.329,0.465,0.997
352,353,0.00302,0.364,0.554,1.08
353,354,0.00308,0.337,0.541,1.13
354,355,0.00313,0.301,0.422,0.992
355,356,0.00319,0.31,0.409,0.932
356,357,0.00325,0.315,0.403,0.902
357,358,0.00331,0.312,0.434,0.983
358,359,0.00337,0.34,0.515,1.07
359,360,0.00344,0.315,0.497,1.12
360,361,0.0035,0.293,0.405,0.977
361,362,0.00356,0.299,0.394,0.931
362,363,0.00363,0.311,0.411,0.934
363,364,0.0037,0.311,0.447,1.02
364,365,0.00377,0.32,0.504,1.11
365,366,0.00384,0.276,0.395,1.01
366,367,0.00391,0.307,0.407,0.938
367,368,0.00398,0.309,0.418,0.958
368,369,0.00405,0.34,0.518,1.08
369,370,0.00413,0.32,0.51,1.13
370,371,0.00421,0.284,0.39,0.971
371,372,0.00428,0.297,0.386,0.918
372,373,0.00436,0.303,0.435,1.02
373,374,0.00444,0.298,0.476,1.13
374,375,0.00453,0.278,0.408,1.04
375,376,0.00461,0.285,0.378,0.936
376,377,0.00469,0.308,0.421,0.969
377,378,0.00478,0.3,0.458,1.08
378,379,0.00487,0.26,0.363,0.989
379,380,0.00496,0.292,0.369,0.891
380,381,0.00505,0.298,0.412,0.976
381,382,0.00515,0.298,0.467,1.11
382,383,0.00524,0.266,0.356,0.947
383,384,0.00534,0.285,0.361,0.896
384,385,0.00544,0.297,0.448,1.07
385,386,0.00554,0.269,0.4,1.05
386,387,0.00564,0.268,0.345,0.91
387,388,0.00575,0.291,0.402,0.977
388,389,0.00585,0.269,0.412,1.08
389,390,0.00596,0.27,0.348,0.911
390,391,0.00607,0.281,0.393,0.99
391,392,0.00618,0.28,0.448,1.13
392,393,0.0063,0.248,0.33,0.941
393,394,0.00642,0.278,0.391,0.993
394,395,0.00653,0.277,0.447,1.14
395,396,0.00665,0.25,0.34,0.961
396,397,0.00678,0.282,0.389,0.977
397,398,0.0069,0.242,0.363,1.06
398,399,0.00703,0.266,0.337,0.896
399,400,0.00716,0.279,0.418,1.06
400,401,0.0073,0.231,0.319,0.977
401,402,0.00743,0.26,0.355,0.966
402,403,0.00757,0.265,0.429,1.14
403,404,0.00771,0.249,0.334,0.948
404,405,0.00785,0.258,0.38,1.04
405,406,0.008,0.237,0.324,0.966
406,407,0.00815,0.266,0.37,0.985
407,408,0.0083,0.228,0.337,1.05
408,409,0.00845,0.25,0.34,0.963
409,410,0.00861,0.256,0.416,1.15
410,411,0.00877,0.248,0.329,0.94
411,412,0.00893,0.241,0.374,1.1
412,413,0.00909,0.244,0.315,0.91
413,414,0.00926,0.248,0.391,1.12
414,415,0.00943,0.23,0.299,0.922
415,416,0.00961,0.249,0.395,1.12
416,417,0.00979,0.236,0.306,0.917
417,418,0.00997,0.228,0.348,1.08
418,419,0.0102,0.233,0.293,0.889
419,420,0.0103,0.223,0.333,1.06
420,421,0.0105,0.241,0.324,0.952
421,422,0.0107,0.209,0.302,1.02
422,423,0.0109,0.236,0.338,1.01
423,424,0.0111,0.219,0.284,0.914
424,425,0.0113,0.224,0.345,1.09
425,426,0.0115,0.232,0.308,0.937
426,427,0.0118,0.204,0.296,1.03
427,428,0.012,0.225,0.331,1.04
428,429,0.0122,0.218,0.279,0.904
429,430,0.0124,0.2,0.291,1.03
430,431,0.0127,0.233,0.355,1.08
431,432,0.0129,0.218,0.292,0.948
432,433,0.0131,0.197,0.282,1.01
433,434,0.0134,0.22,0.334,1.07
434,435,0.0136,0.223,0.301,0.955
435,436,0.0139,0.191,0.261,0.967
436,437,0.0141,0.199,0.297,1.05
437,438,0.0144,0.216,0.325,1.07
438,439,0.0147,0.218,0.298,0.966
439,440,0.0149,0.193,0.26,0.956
440,441,0.0152,0.189,0.266,0.995
441,442,0.0155,0.187,0.283,1.07
442,443,0.0158,0.214,0.329,1.09
443,444,0.0161,0.202,0.282,0.984
444,445,0.0164,0.202,0.265,0.927
445,446,0.0167,0.186,0.244,0.926
446,447,0.017,0.179,0.241,0.95
447,448,0.0173,0.18,0.244,0.955
448,449,0.0176,0.171,0.238,0.984
449,450,0.0179,0.182,0.269,1.05
450,451,0.0183,0.18,0.261,1.02
451,452,0.0186,0.167,0.244,1.03
452,453,0.019,0.178,0.266,1.06
453,454,0.0193,0.177,0.254,1.01
454,455,0.0197,0.166,0.237,1.01
455,456,0.02,0.172,0.248,1.02
456,457,0.0204,0.171,0.23,0.953
457,458,0.0208,0.167,0.223,0.942
458,459,0.0212,0.176,0.24,0.961
459,460,0.0216,0.176,0.246,0.987
460,461,0.022,0.185,0.277,1.06
461,462,0.0224,0.166,0.24,1.02
462,463,0.0228,0.158,0.221,0.989
463,464,0.0232,0.165,0.224,0.961
464,465,0.0236,0.171,0.24,0.993
465,466,0.0241,0.171,0.258,1.07
466,467,0.0245,0.159,0.218,0.971
467,468,0.025,0.167,0.232,0.983
468,469,0.0254,0.161,0.234,1.02
469,470,0.0259,0.149,0.204,0.968
470,471,0.0264,0.164,0.232,1.0
471,472,0.0269,0.148,0.211,1.01
472,473,0.0274,0.155,0.214,0.977
473,474,0.0279,0.145,0.208,1.02
474,475,0.0284,0.151,0.209,0.98
475,476,0.0289,0.143,0.205,1.01
476,477,0.0295,0.153,0.215,0.995
477,478,0.03,0.14,0.196,0.991
478,479,0.0306,0.15,0.215,1.01
479,480,0.0311,0.144,0.2,0.979
480,481,0.0317,0.143,0.201,0.995
481,482,0.0323,0.148,0.217,1.04
482,483,0.0329,0.144,0.201,0.99
483,484,0.0335,0.143,0.204,1.01
484,485,0.0341,0.135,0.19,0.998
485,486,0.0348,0.14,0.198,1.0
486,487,0.0354,0.143,0.208,1.03
487,488,0.0361,0.134,0.189,0.995
488,489,0.0367,0.137,0.194,1.01
489,490,0.0374,0.139,0.2,1.01
490,491,0.0381,0.131,0.184,0.993
491,492,0.0388,0.134,0.19,1.0
492,493,0.0395,0.137,0.198,1.02
493,494,0.0403,0.127,0.177,0.987
494,495,0.041,0.13,0.182,0.99
495,496,0.0418,0.131,0.189,1.03
496,497,0.0425,0.129,0.184,1.01
497,498,0.0433,0.122,0.17,0.98
498,499,0.0441,0.126,0.178,0.998
499,500,0.045,0.123,0.175,1.01
500,501,0.0458,0.129,0.185,1.01
501,502,0.0466,0.125,0.18,1.02
502,503,0.0475,0.119,0.165,0.982
503,504,0.0484,0.118,0.167,1.0
504,505,0.0493,0.121,0.17,0.998
505,506,0.0502,0.118,0.165,0.984
506,507,0.0511,0.119,0.172,1.02
507,508,0.0521,0.122,0.179,1.03
508,509,0.053,0.121,0.173,1.01
509,510,0.054,0.119,0.167,0.998
510,511,0.055,0.115,0.162,0.995
511,512,0.056,0.113,0.159,0.993
512,513,0.0571,0.112,0.157,0.994
513,514,0.0581,0.114,0.16,0.995
514,515,0.0592,0.114,0.162,1.0
515,516,0.0603,0.113,0.164,1.02
516,517,0.0614,0.11,0.16,1.03
517,518,0.0626,0.107,0.15,0.99
518,519,0.0637,0.108,0.153,1.0
519,520,0.0649,0.103,0.145,0.996
520,521,0.0661,0.107,0.152,0.999
521,522,0.0673,0.103,0.147,1.01
522,523,0.0686,0.107,0.154,1.02
523,524,0.0699,0.102,0.143,0.997
524,525,0.0711,0.101,0.142,0.992
525,526,0.0725,0.0997,0.143,1.01
526,527,0.0738,0.102,0.146,1.01
527,528,0.0752,0.0976,0.137,0.994
528,529,0.0766,0.0993,0.142,1.01
529,530,0.078,0.1,0.143,1.01
530,531,0.0794,0.0965,0.137,1.0
531,532,0.0809,0.0971,0.139,1.01
532,533,0.0824,0.0945,0.132,0.989
533,534,0.0839,0.0946,0.136,1.02
534,535,0.0855,0.0931,0.13,0.987
535,536,0.0871,0.0936,0.134,1.01
536,537,0.0887,0.092,0.131,1.01
537,538,0.0903,0.0947,0.134,0.998
538,539,0.092,0.0903,0.127,0.994
539,540,0.0937,0.0885,0.124,0.987
540,541,0.0955,0.0903,0.127,0.994
541,542,0.0972,0.0886,0.125,1.0
542,543,0.099,0.0888,0.127,1.01
543,544,0.101,0.0858,0.121,1.0
544,545,0.103,0.0877,0.124,1.0
545,546,0.105,0.086,0.122,1.01
546,547,0.107,0.0852,0.122,1.01
547,548,0.109,0.085,0.12,0.997
548,549,0.111,0.0846,0.12,1.0
549,550,0.113,0.0843,0.119,1.0
550,551,0.115,0.0837,0.119,1.0
551,552,0.117,0.0819,0.117,1.01
552,553,0.119,0.0829,0.117,0.996
553,554,0.121,0.0824,0.118,1.01
554,555,0.123,0.0807,0.114,0.998
555,556,0.126,0.0815,0.117,1.01
556,557,0.128,0.0804,0.115,1.01
557,558,0.13,0.0801,0.114,1.01
558,559,0.133,0.0804,0.115,1.01
559,560,0.135,0.0793,0.113,1.01
560,561,0.138,0.0771,0.109,1.0
561,562,0.14,0.078,0.111,1.0
562,563,0.143,0.0781,0.111,1.0
563,564,0.146,0.0806,0.115,1.01
564,565,0.148,0.0816,0.116,1.01
565,566,0.151,0.0776,0.11,1.0
566,567,0.154,0.0793,0.112,1.0
567,568,0.157,0.0799,0.114,1.01
568,569,0.16,0.0789,0.113,1.01
569,570,0.163,0.0783,0.111,1.01
570,571,0.166,0.0782,0.111,1.01
571,572,0.169,0.0815,0.115,1.0
572,573,0.172,0.0812,0.116,1.01
573,574,0.175,0.0795,0.114,1.01
574,575,0.178,0.0792,0.115,1.02
575,576,0.182,0.0817,0.119,1.03
576,577,0.185,0.0841,0.124,1.04
577,578,0.188,0.082,0.12,1.03
578,579,0.192,0.0828,0.121,1.03
579,580,0.195,0.0797,0.117,1.04
580,581,0.199,0.0837,0.122,1.03
581,582,0.203,0.0839,0.123,1.04
582,583,0.206,0.0843,0.127,1.06
583,584,0.21,0.0944,0.141,1.06
584,585,0.214,0.0928,0.138,1.05
585,586,0.218,0.0829,0.124,1.06
586,587,0.222,0.0879,0.129,1.04
587,588,0.226,0.0836,0.122,1.03
588,589,0.231,0.0824,0.12,1.03
589,590,0.235,0.0756,0.11,1.03
590,591,0.239,0.0789,0.112,1.0
591,592,0.244,0.0736,0.104,1.0
592,593,0.248,0.0788,0.11,0.988
593,594,0.253,0.0741,0.105,1.0
594,595,0.257,0.0739,0.104,0.997
595,596,0.262,0.0733,0.102,0.988
596,597,0.267,0.0692,0.0974,0.995
597,598,0.272,0.0717,0.0989,0.975
598,599,0.277,0.0737,0.103,0.99
599,600,0.282,0.0739,0.103,0.989
