,Meas. Pts.,Sliding Speed,Friction Factor,Frictional Force,Normal Force
0,1,4.71e-06,0.0489,0.0674,0.974
1,2,4.81e-06,0.067,0.0909,0.96
2,3,4.88e-06,0.0597,0.0815,0.965
3,4,4.97e-06,0.0676,0.0916,0.958
4,5,5.06e-06,0.0631,0.0867,0.971
5,6,5.16e-06,0.0735,0.0997,0.959
6,7,5.26e-06,0.0748,0.102,0.961
7,8,5.33e-06,0.0768,0.105,0.964
8,9,5.44e-06,0.0795,0.108,0.964
9,10,5.56e-06,0.0821,0.112,0.964
10,11,5.65e-06,0.0885,0.12,0.961
11,12,5.76e-06,0.0902,0.124,0.973
12,13,5.85e-06,0.0953,0.131,0.968
13,14,5.96e-06,0.0984,0.136,0.975
14,15,6.08e-06,0.107,0.145,0.963
15,16,6.2e-06,0.109,0.148,0.959
16,17,6.31e-06,0.104,0.144,0.974
17,18,6.43e-06,0.109,0.15,0.972
18,19,6.55e-06,0.112,0.154,0.97
19,20,6.64e-06,0.117,0.161,0.974
20,21,6.78e-06,0.132,0.182,0.973
21,22,6.92e-06,0.139,0.192,0.972
22,23,7.05e-06,0.142,0.195,0.972
23,24,7.17e-06,0.147,0.202,0.971
24,25,7.3e-06,0.15,0.209,0.986
25,26,7.44e-06,0.153,0.213,0.987
26,27,7.58e-06,0.156,0.217,0.986
27,28,7.73e-06,0.156,0.218,0.986
28,29,7.88e-06,0.153,0.214,0.986
29,30,8.01e-06,0.154,0.214,0.985
30,31,8.14e-06,0.153,0.214,0.985
31,32,8.31e-06,0.15,0.209,0.985
32,33,8.48e-06,0.147,0.204,0.984
33,34,8.63e-06,0.14,0.195,0.984
34,35,8.79e-06,0.136,0.19,0.983
35,36,8.94e-06,0.136,0.189,0.984
36,37,9.1e-06,0.135,0.187,0.982
37,38,9.27e-06,0.133,0.185,0.983
38,39,9.45e-06,0.129,0.18,0.981
39,40,9.63e-06,0.126,0.174,0.981
40,41,9.81e-06,0.124,0.172,0.981
41,42,9.99e-06,0.122,0.169,0.981
42,43,1.02e-05,0.119,0.165,0.981
43,44,1.03e-05,0.118,0.164,0.981
44,45,1.05e-05,0.116,0.16,0.981
45,46,1.08e-05,0.114,0.158,0.981
46,47,1.09e-05,0.115,0.16,0.98
47,48,1.11e-05,0.118,0.163,0.981
48,49,1.14e-05,0.112,0.155,0.98
49,50,1.16e-05,0.111,0.153,0.98
50,51,1.18e-05,0.114,0.158,0.984
51,52,1.2e-05,0.114,0.159,0.991
52,53,1.22e-05,0.11,0.154,0.991
53,54,1.24e-05,0.109,0.153,0.99
54,55,1.27e-05,0.111,0.155,0.99
55,56,1.29e-05,0.116,0.162,0.989
56,57,1.32e-05,0.122,0.171,0.989
57,58,1.34e-05,0.124,0.173,0.988
58,59,1.37e-05,0.124,0.173,0.987
59,60,1.39e-05,0.121,0.169,0.987
60,61,1.41e-05,0.121,0.169,0.986
61,62,1.44e-05,0.122,0.169,0.986
62,63,1.47e-05,0.123,0.172,0.986
63,64,1.5e-05,0.12,0.167,0.984
64,65,1.52e-05,0.119,0.166,0.984
65,66,1.55e-05,0.119,0.165,0.983
66,67,1.58e-05,0.119,0.166,0.983
67,68,1.61e-05,0.12,0.166,0.983
68,69,1.64e-05,0.118,0.164,0.982
69,70,1.67e-05,0.119,0.166,0.981
70,71,1.7e-05,0.123,0.17,0.98
71,72,1.73e-05,0.121,0.167,0.98
72,73,1.77e-05,0.114,0.158,0.979
73,74,1.8e-05,0.116,0.16,0.978
74,75,1.83e-05,0.12,0.165,0.977
75,76,1.86e-05,0.119,0.165,0.977
76,77,1.9e-05,0.125,0.174,0.98
77,78,1.93e-05,0.122,0.17,0.981
78,79,1.97e-05,0.124,0.172,0.98
79,80,2.01e-05,0.122,0.169,0.98
80,81,2.04e-05,0.119,0.165,0.979
81,82,2.08e-05,0.116,0.161,0.979
82,83,2.12e-05,0.116,0.161,0.978
83,84,2.16e-05,0.119,0.165,0.978
84,85,2.2e-05,0.116,0.16,0.977
85,86,2.24e-05,0.113,0.157,0.976
86,87,2.28e-05,0.112,0.155,0.978
87,88,2.32e-05,0.109,0.151,0.98
88,89,2.37e-05,0.111,0.155,0.984
89,90,2.41e-05,0.113,0.158,0.987
90,91,2.46e-05,0.118,0.165,0.987
91,92,2.5e-05,0.124,0.173,0.986
92,93,2.55e-05,0.133,0.186,0.986
93,94,2.6e-05,0.139,0.194,0.986
94,95,2.64e-05,0.139,0.194,0.985
95,96,2.69e-05,0.139,0.193,0.985
96,97,2.74e-05,0.137,0.191,0.985
97,98,2.79e-05,0.136,0.189,0.984
98,99,2.84e-05,0.134,0.187,0.983
99,100,2.9e-05,0.133,0.185,0.982
100,101,2.95e-05,0.129,0.179,0.982
101,102,3e-05,0.122,0.169,0.982
102,103,3.06e-05,0.114,0.159,0.982
103,104,3.12e-05,0.107,0.148,0.982
104,105,3.18e-05,0.0992,0.138,0.982
105,106,3.23e-05,0.0962,0.134,0.983
106,107,3.3e-05,0.0979,0.136,0.984
107,108,3.36e-05,0.0958,0.133,0.983
108,109,3.42e-05,0.0894,0.124,0.984
109,110,3.48e-05,0.0852,0.119,0.983
110,111,3.55e-05,0.0894,0.124,0.983
111,112,3.61e-05,0.0966,0.134,0.983
112,113,3.68e-05,0.108,0.15,0.984
113,114,3.75e-05,0.115,0.16,0.985
114,115,3.82e-05,0.123,0.171,0.985
115,116,3.88e-05,0.127,0.177,0.984
116,117,3.96e-05,0.136,0.19,0.985
117,118,4.03e-05,0.134,0.187,0.985
118,119,4.11e-05,0.134,0.186,0.984
119,120,4.18e-05,0.133,0.186,0.984
120,121,4.26e-05,0.132,0.184,0.984
121,122,4.34e-05,0.128,0.177,0.982
122,123,4.42e-05,0.13,0.181,0.98
123,124,4.5e-05,0.129,0.179,0.98
124,125,4.59e-05,0.134,0.186,0.98
125,126,4.67e-05,0.139,0.193,0.979
126,127,4.76e-05,0.137,0.189,0.978
127,128,4.85e-05,0.135,0.186,0.976
128,129,4.93e-05,0.129,0.178,0.973
129,130,5.03e-05,0.13,0.178,0.971
130,131,5.12e-05,0.122,0.168,0.972
131,132,5.22e-05,0.118,0.165,0.988
132,133,5.31e-05,0.114,0.159,0.987
133,134,5.41e-05,0.121,0.168,0.985
134,135,5.51e-05,0.126,0.175,0.983
135,136,5.61e-05,0.125,0.173,0.981
136,137,5.72e-05,0.124,0.172,0.979
137,138,5.82e-05,0.124,0.172,0.976
138,139,5.93e-05,0.121,0.167,0.974
139,140,6.04e-05,0.121,0.167,0.973
140,141,6.15e-05,0.133,0.182,0.973
141,142,6.27e-05,0.142,0.195,0.971
142,143,6.38e-05,0.146,0.201,0.976
143,144,6.5e-05,0.145,0.201,0.976
144,145,6.62e-05,0.142,0.195,0.974
145,146,6.75e-05,0.127,0.174,0.974
146,147,6.87e-05,0.118,0.162,0.972
147,148,6.99e-05,0.126,0.175,0.977
148,149,7.13e-05,0.134,0.185,0.979
149,150,7.26e-05,0.138,0.191,0.98
150,151,7.39e-05,0.141,0.195,0.979
151,152,7.53e-05,0.14,0.193,0.978
152,153,7.67e-05,0.144,0.199,0.978
153,154,7.81e-05,0.148,0.206,0.984
154,155,7.96e-05,0.134,0.188,0.991
155,156,8.1e-05,0.135,0.189,0.99
156,157,8.25e-05,0.134,0.187,0.987
157,158,8.41e-05,0.137,0.191,0.983
158,159,8.57e-05,0.149,0.207,0.981
159,160,8.72e-05,0.148,0.205,0.978
160,161,8.88e-05,0.141,0.194,0.974
161,162,9.05e-05,0.136,0.186,0.971
162,163,9.22e-05,0.146,0.201,0.971
163,164,9.39e-05,0.146,0.201,0.973
164,165,9.56e-05,0.147,0.203,0.977
165,166,9.74e-05,0.139,0.191,0.976
166,167,9.92e-05,0.139,0.192,0.975
167,168,0.000101,0.145,0.2,0.976
168,169,0.000103,0.142,0.196,0.975
169,170,0.000105,0.143,0.196,0.973
170,171,0.000107,0.145,0.2,0.976
171,172,0.000109,0.15,0.209,0.989
172,173,0.000111,0.169,0.236,0.989
173,174,0.000113,0.159,0.223,0.988
174,175,0.000115,0.152,0.212,0.987
175,176,0.000117,0.163,0.227,0.986
176,177,0.000119,0.167,0.234,0.989
177,178,0.000121,0.159,0.224,0.993
178,179,0.000124,0.152,0.215,0.996
179,180,0.000126,0.146,0.206,1.0
180,181,0.000128,0.147,0.208,1.0
181,182,0.000131,0.163,0.23,1.0
182,183,0.000133,0.165,0.234,1.0
183,184,0.000135,0.163,0.231,1.01
184,185,0.000138,0.164,0.234,1.01
185,186,0.000141,0.161,0.23,1.01
186,187,0.000143,0.172,0.245,1.01
187,188,0.000146,0.179,0.257,1.01
188,189,0.000149,0.183,0.264,1.02
189,190,0.000151,0.191,0.276,1.02
190,191,0.000154,0.177,0.257,1.03
191,192,0.000157,0.166,0.241,1.03
192,193,0.00016,0.188,0.273,1.03
193,194,0.000163,0.206,0.3,1.03
194,195,0.000166,0.201,0.29,1.02
195,196,0.000169,0.209,0.303,1.02
196,197,0.000172,0.193,0.281,1.03
197,198,0.000175,0.18,0.263,1.03
198,199,0.000179,0.167,0.243,1.03
199,200,0.000182,0.165,0.24,1.03
200,201,0.000185,0.178,0.256,1.02
201,202,0.000189,0.181,0.262,1.02
202,203,0.000192,0.201,0.289,1.02
203,204,0.000196,0.2,0.289,1.02
204,205,0.000199,0.211,0.308,1.03
205,206,0.000203,0.198,0.286,1.02
206,207,0.000207,0.2,0.291,1.03
207,208,0.000211,0.187,0.273,1.03
208,209,0.000215,0.197,0.287,1.03
209,210,0.000218,0.178,0.259,1.03
210,211,0.000223,0.166,0.243,1.03
211,212,0.000227,0.173,0.252,1.03
212,213,0.000231,0.161,0.235,1.03
213,214,0.000235,0.167,0.242,1.03
214,215,0.00024,0.157,0.23,1.03
215,216,0.000244,0.149,0.218,1.04
216,217,0.000248,0.153,0.225,1.04
217,218,0.000253,0.168,0.243,1.03
218,219,0.000258,0.173,0.251,1.03
219,220,0.000263,0.168,0.244,1.02
220,221,0.000267,0.178,0.257,1.02
221,222,0.000273,0.202,0.292,1.02
222,223,0.000277,0.178,0.256,1.01
223,224,0.000283,0.183,0.263,1.01
224,225,0.000288,0.157,0.225,1.01
225,226,0.000293,0.157,0.222,1.0
226,227,0.000299,0.16,0.226,0.996
227,228,0.000304,0.155,0.217,0.988
228,229,0.00031,0.152,0.21,0.976
229,230,0.000315,0.165,0.226,0.967
230,231,0.000321,0.167,0.226,0.958
231,232,0.000327,0.16,0.219,0.966
232,233,0.000333,0.158,0.217,0.97
233,234,0.00034,0.139,0.191,0.968
234,235,0.000346,0.157,0.214,0.961
235,236,0.000352,0.144,0.196,0.961
236,237,0.000359,0.157,0.215,0.968
237,238,0.000365,0.155,0.212,0.969
238,239,0.000372,0.149,0.204,0.967
239,240,0.000379,0.155,0.212,0.968
240,241,0.000386,0.159,0.217,0.965
241,242,0.000393,0.162,0.221,0.966
242,243,0.000401,0.172,0.234,0.959
243,244,0.000408,0.16,0.218,0.962
244,245,0.000416,0.172,0.239,0.981
245,246,0.000423,0.143,0.198,0.981
246,247,0.000431,0.171,0.234,0.968
247,248,0.000439,0.176,0.24,0.962
248,249,0.000447,0.171,0.234,0.968
249,250,0.000455,0.169,0.231,0.97
250,251,0.000464,0.165,0.228,0.973
251,252,0.000473,0.183,0.254,0.983
252,253,0.000481,0.207,0.291,0.992
253,254,0.00049,0.225,0.322,1.01
254,255,0.000499,0.2,0.291,1.03
255,256,0.000509,0.186,0.274,1.04
256,257,0.000518,0.167,0.245,1.04
257,258,0.000528,0.207,0.303,1.03
258,259,0.000537,0.202,0.295,1.03
259,260,0.000547,0.231,0.34,1.04
260,261,0.000558,0.227,0.336,1.05
261,262,0.000568,0.214,0.317,1.05
262,263,0.000578,0.214,0.317,1.05
263,264,0.000589,0.207,0.31,1.06
264,265,0.0006,0.202,0.3,1.05
265,266,0.000611,0.211,0.309,1.04
266,267,0.000622,0.192,0.278,1.02
267,268,0.000634,0.174,0.247,1.01
268,269,0.000646,0.176,0.247,0.992
269,270,0.000658,0.174,0.243,0.988
270,271,0.00067,0.172,0.24,0.985
271,272,0.000682,0.159,0.216,0.963
272,273,0.000695,0.117,0.154,0.929
273,274,0.000708,0.168,0.233,0.982
274,275,0.000721,0.15,0.206,0.97
275,276,0.000734,0.171,0.235,0.974
276,277,0.000748,0.162,0.221,0.968
277,278,0.000762,0.17,0.232,0.965
278,279,0.000776,0.183,0.252,0.971
279,280,0.000791,0.199,0.27,0.962
280,281,0.000805,0.191,0.26,0.963
281,282,0.00082,0.188,0.256,0.964
282,283,0.000835,0.191,0.264,0.974
283,284,0.000851,0.213,0.301,0.999
284,285,0.000866,0.219,0.314,1.01
285,286,0.000883,0.224,0.326,1.03
286,287,0.000899,0.214,0.318,1.05
287,288,0.000916,0.207,0.312,1.07
288,289,0.000932,0.201,0.305,1.07
289,290,0.00095,0.208,0.314,1.07
290,291,0.000967,0.183,0.27,1.04
291,292,0.000985,0.172,0.248,1.02
292,293,0.001,0.15,0.209,0.989
293,294,0.00102,0.136,0.182,0.945
294,295,0.00104,0.115,0.153,0.944
295,296,0.00106,0.119,0.16,0.948
296,297,0.00108,0.126,0.171,0.961
297,298,0.0011,0.134,0.179,0.947
298,299,0.00112,0.139,0.187,0.955
299,300,0.00114,0.156,0.213,0.965
300,301,0.00116,0.161,0.228,1.0
301,302,0.00118,0.191,0.275,1.02
302,303,0.00121,0.188,0.277,1.04
303,304,0.00123,0.204,0.3,1.04
304,305,0.00125,0.231,0.345,1.05
305,306,0.00127,0.194,0.294,1.07
306,307,0.0013,0.205,0.305,1.05
307,308,0.00132,0.178,0.258,1.03
308,309,0.00135,0.218,0.305,0.989
309,310,0.00137,0.195,0.26,0.942
310,311,0.0014,0.19,0.249,0.927
311,312,0.00142,0.188,0.25,0.94
312,313,0.00145,0.205,0.27,0.929
313,314,0.00148,0.205,0.268,0.924
314,315,0.0015,0.215,0.294,0.964
315,316,0.00153,0.235,0.339,1.02
316,317,0.00156,0.23,0.346,1.06
317,318,0.00159,0.258,0.387,1.06
318,319,0.00162,0.241,0.372,1.09
319,320,0.00165,0.269,0.408,1.07
320,321,0.00168,0.243,0.346,1.01
321,322,0.00171,0.208,0.288,0.977
322,323,0.00174,0.196,0.27,0.975
323,324,0.00177,0.201,0.279,0.984
324,325,0.00181,0.209,0.283,0.956
325,326,0.00184,0.219,0.291,0.941
326,327,0.00187,0.248,0.345,0.984
327,328,0.00191,0.259,0.369,1.01
328,329,0.00194,0.238,0.356,1.06
329,330,0.00198,0.254,0.389,1.08
330,331,0.00202,0.222,0.32,1.02
331,332,0.00205,0.188,0.251,0.945
332,333,0.00209,0.169,0.22,0.921
333,334,0.00213,0.172,0.227,0.933
334,335,0.00217,0.188,0.247,0.929
335,336,0.00221,0.212,0.295,0.982
336,337,0.00225,0.217,0.314,1.02
337,338,0.00229,0.243,0.368,1.07
338,339,0.00234,0.244,0.374,1.08
339,340,0.00238,0.245,0.341,0.986
340,341,0.00242,0.227,0.295,0.919
341,342,0.00247,0.233,0.308,0.935
342,343,0.00251,0.237,0.311,0.927
343,344,0.00256,0.266,0.376,0.999
344,345,0.00261,0.274,0.412,1.06
345,346,0.00266,0.27,0.429,1.12
346,347,0.00271,0.269,0.406,1.07
347,348,0.00276,0.235,0.326,0.981
348,349,0.00281,0.227,0.319,0.991
349,350,0.00286,0.27,0.364,0.955
350,351,0.00291,0.273,0.378,0.98
351,352,0.00297,0.265,0.391,1.04
352,353,0.00302,0.268,0.42,1.11
353,354,0.00308,0.227,0.321,1.0
354,355,0.00313,0.216,0.286,0.936
355,356,0.00319,0.222,0.283,0.903
356,357,0.00325,0.247,0.336,0.964
357,358,0.00331,0.277,0.402,1.02
358,359,0.00337,0.266,0.407,1.08
359,360,0.00344,0.257,0.355,0.975
360,361,0.0035,0.256,0.331,0.913
361,362,0.00356,0.26,0.342,0.929
362,363,0.00363,0.279,0.408,1.04
363,364,0.0037,0.284,0.451,1.12
364,365,0.00377,0.269,0.381,1.0
365,366,0.00384,0.251,0.349,0.983
366,367,0.00391,0.275,0.367,0.944
367,368,0.00398,0.279,0.396,1.0
368,369,0.00405,0.28,0.438,1.11
369,370,0.00413,0.233,0.315,0.956
370,371,0.0042,0.234,0.307,0.928
371,372,0.00428,0.258,0.355,0.973
372,373,0.00436,0.276,0.416,1.07
373,374,0.00444,0.272,0.399,1.04
374,375,0.00453,0.267,0.346,0.917
375,376,0.00461,0.273,0.371,0.962
376,377,0.0047,0.289,0.454,1.11
377,378,0.00478,0.264,0.399,1.07
378,379,0.00487,0.258,0.363,0.994
379,380,0.00496,0.278,0.382,0.971
380,381,0.00505,0.28,0.441,1.11
381,382,0.00515,0.247,0.357,1.02
382,383,0.00524,0.248,0.324,0.922
383,384,0.00534,0.264,0.362,0.972
384,385,0.00544,0.281,0.427,1.08
385,386,0.00554,0.269,0.353,0.929
386,387,0.00564,0.274,0.365,0.941
387,388,0.00575,0.276,0.436,1.12
388,389,0.00585,0.261,0.363,0.985
389,390,0.00596,0.284,0.378,0.941
390,391,0.00607,0.272,0.408,1.06
391,392,0.00618,0.243,0.339,0.983
392,393,0.0063,0.251,0.318,0.895
393,394,0.00642,0.269,0.38,0.998
394,395,0.00653,0.269,0.363,0.952
395,396,0.00665,0.263,0.333,0.893
396,397,0.00678,0.272,0.424,1.1
397,398,0.0069,0.251,0.344,0.97
398,399,0.00703,0.275,0.371,0.955
399,400,0.00716,0.272,0.428,1.11
400,401,0.0073,0.252,0.331,0.928
401,402,0.00743,0.262,0.376,1.01
402,403,0.00757,0.267,0.371,0.984
403,404,0.00771,0.267,0.35,0.928
404,405,0.00785,0.265,0.413,1.1
405,406,0.008,0.271,0.37,0.965
406,407,0.00815,0.268,0.413,1.09
407,408,0.0083,0.245,0.331,0.956
408,409,0.00845,0.256,0.356,0.985
409,410,0.00861,0.26,0.354,0.961
410,411,0.00877,0.268,0.364,0.959
411,412,0.00893,0.244,0.346,1.0
412,413,0.00909,0.267,0.359,0.949
413,414,0.00926,0.241,0.358,1.05
414,415,0.00943,0.247,0.326,0.931
415,416,0.00961,0.259,0.372,1.02
416,417,0.00979,0.258,0.342,0.939
417,418,0.00997,0.236,0.334,1.0
418,419,0.0102,0.262,0.364,0.984
419,420,0.0103,0.232,0.316,0.964
420,421,0.0105,0.251,0.354,0.999
421,422,0.0107,0.252,0.322,0.904
422,423,0.0109,0.245,0.372,1.07
423,424,0.0111,0.26,0.345,0.938
424,425,0.0113,0.231,0.338,1.03
425,426,0.0115,0.243,0.337,0.983
426,427,0.0118,0.245,0.315,0.908
427,428,0.012,0.236,0.358,1.07
428,429,0.0122,0.254,0.349,0.971
429,430,0.0124,0.228,0.308,0.955
430,431,0.0127,0.245,0.365,1.05
431,432,0.0129,0.245,0.329,0.949
432,433,0.0131,0.233,0.316,0.957
433,434,0.0134,0.232,0.348,1.06
434,435,0.0136,0.237,0.329,0.983
435,436,0.0139,0.241,0.307,0.901
436,437,0.0141,0.22,0.304,0.978
437,438,0.0144,0.228,0.346,1.07
438,439,0.0147,0.235,0.338,1.02
439,440,0.0149,0.235,0.312,0.936
440,441,0.0152,0.228,0.308,0.953
441,442,0.0155,0.216,0.306,1.0
442,443,0.0158,0.233,0.34,1.03
443,444,0.0161,0.221,0.329,1.05
444,445,0.0164,0.234,0.34,1.03
445,446,0.0167,0.223,0.298,0.947
446,447,0.017,0.227,0.294,0.918
447,448,0.0173,0.225,0.303,0.952
448,449,0.0176,0.212,0.282,0.941
449,450,0.0179,0.221,0.288,0.921
450,451,0.0183,0.212,0.289,0.966
451,452,0.0186,0.208,0.284,0.968
452,453,0.019,0.217,0.288,0.94
453,454,0.0193,0.209,0.286,0.967
454,455,0.0197,0.201,0.269,0.946
455,456,0.02,0.216,0.278,0.912
456,457,0.0204,0.216,0.291,0.953
457,458,0.0208,0.207,0.277,0.949
458,459,0.0212,0.205,0.288,0.993
459,460,0.0216,0.214,0.322,1.06
460,461,0.022,0.208,0.3,1.02
461,462,0.0224,0.197,0.28,1.01
462,463,0.0228,0.195,0.262,0.951
463,464,0.0232,0.199,0.27,0.96
464,465,0.0236,0.202,0.301,1.06
465,466,0.0241,0.202,0.283,0.99
466,467,0.0245,0.202,0.277,0.969
467,468,0.025,0.201,0.286,1.01
468,469,0.0254,0.185,0.268,1.02
469,470,0.0259,0.192,0.264,0.973
470,471,0.0264,0.187,0.271,1.03
471,472,0.0269,0.19,0.27,1.01
472,473,0.0274,0.185,0.264,1.01
473,474,0.0279,0.186,0.269,1.02
474,475,0.0284,0.183,0.259,1.0
475,476,0.0289,0.185,0.266,1.02
476,477,0.0295,0.178,0.255,1.01
477,478,0.03,0.18,0.253,0.995
478,479,0.0306,0.175,0.253,1.02
479,480,0.0311,0.184,0.262,1.01
480,481,0.0317,0.183,0.257,0.994
481,482,0.0323,0.183,0.26,1.0
482,483,0.0329,0.184,0.27,1.04
483,484,0.0335,0.178,0.249,0.989
484,485,0.0341,0.174,0.248,1.01
485,486,0.0348,0.172,0.245,1.0
486,487,0.0354,0.177,0.248,0.993
487,488,0.0361,0.174,0.253,1.03
488,489,0.0367,0.164,0.232,0.997
489,490,0.0374,0.176,0.248,0.996
490,491,0.0381,0.171,0.249,1.03
491,492,0.0388,0.164,0.23,0.994
492,493,0.0395,0.169,0.236,0.988
493,494,0.0403,0.167,0.241,1.02
494,495,0.041,0.163,0.235,1.02
495,496,0.0418,0.161,0.227,0.998
496,497,0.0425,0.167,0.234,0.993
497,498,0.0433,0.163,0.235,1.02
498,499,0.0441,0.16,0.232,1.02
499,500,0.045,0.154,0.214,0.981
500,501,0.0458,0.158,0.223,0.998
501,502,0.0466,0.157,0.222,0.999
502,503,0.0475,0.156,0.226,1.02
503,504,0.0484,0.155,0.22,1.01
504,505,0.0493,0.153,0.223,1.03
505,506,0.0502,0.149,0.207,0.983
506,507,0.0511,0.148,0.205,0.982
507,508,0.0521,0.147,0.21,1.01
508,509,0.053,0.149,0.212,1.01
509,510,0.054,0.148,0.208,0.99
510,511,0.055,0.151,0.21,0.981
511,512,0.056,0.15,0.208,0.98
512,513,0.0571,0.148,0.205,0.983
513,514,0.0581,0.144,0.201,0.99
514,515,0.0592,0.142,0.202,1.0
515,516,0.0603,0.138,0.197,1.01
516,517,0.0614,0.14,0.196,0.991
517,518,0.0626,0.14,0.195,0.985
518,519,0.0637,0.136,0.196,1.02
519,520,0.0649,0.137,0.195,1.0
520,521,0.0661,0.139,0.2,1.02
521,522,0.0673,0.134,0.188,0.991
522,523,0.0686,0.131,0.185,0.998
523,524,0.0699,0.133,0.189,1.01
524,525,0.0711,0.132,0.187,1.0
525,526,0.0725,0.131,0.185,1.0
526,527,0.0738,0.128,0.18,0.992
527,528,0.0752,0.127,0.182,1.01
528,529,0.0766,0.129,0.183,1.0
529,530,0.078,0.127,0.18,0.999
530,531,0.0794,0.125,0.179,1.01
531,532,0.0809,0.123,0.172,0.989
532,533,0.0824,0.123,0.175,1.01
533,534,0.0839,0.119,0.168,0.998
534,535,0.0855,0.12,0.17,1.01
535,536,0.0871,0.117,0.164,0.99
536,537,0.0887,0.117,0.168,1.02
537,538,0.0903,0.118,0.167,1.0
538,539,0.092,0.12,0.17,1.0
539,540,0.0937,0.115,0.162,0.998
540,541,0.0955,0.115,0.162,0.996
541,542,0.0972,0.116,0.166,1.01
542,543,0.099,0.114,0.164,1.02
543,544,0.101,0.113,0.159,0.994
544,545,0.103,0.113,0.161,1.01
545,546,0.105,0.11,0.155,0.995
546,547,0.107,0.109,0.154,1.0
547,548,0.109,0.11,0.156,1.0
548,549,0.111,0.109,0.154,1.0
549,550,0.113,0.107,0.152,1.0
550,551,0.115,0.107,0.15,0.999
551,552,0.117,0.105,0.148,0.997
552,553,0.119,0.107,0.15,0.995
553,554,0.121,0.104,0.149,1.01
554,555,0.123,0.104,0.146,0.998
555,556,0.126,0.103,0.145,1.0
556,557,0.128,0.101,0.144,1.01
557,558,0.13,0.103,0.148,1.01
558,559,0.133,0.1,0.143,1.01
559,560,0.135,0.0983,0.14,1.01
560,561,0.138,0.0994,0.141,1.0
561,562,0.14,0.0966,0.137,1.01
562,563,0.143,0.0983,0.14,1.01
563,564,0.146,0.0962,0.136,1.0
564,565,0.148,0.0972,0.138,1.0
565,566,0.151,0.0973,0.139,1.01
566,567,0.154,0.0959,0.136,1.0
567,568,0.157,0.0966,0.138,1.01
568,569,0.16,0.0957,0.137,1.01
569,570,0.163,0.0986,0.142,1.02
570,571,0.166,0.1,0.144,1.02
571,572,0.169,0.102,0.147,1.02
572,573,0.172,0.102,0.146,1.01
573,574,0.175,0.0966,0.141,1.03
574,575,0.178,0.102,0.151,1.05
575,576,0.182,0.1,0.149,1.05
576,577,0.185,0.0998,0.148,1.05
577,578,0.188,0.101,0.148,1.03
578,579,0.192,0.0994,0.146,1.04
579,580,0.195,0.0975,0.144,1.04
580,581,0.199,0.1,0.147,1.04
581,582,0.203,0.103,0.154,1.06
582,583,0.206,0.109,0.169,1.09
583,584,0.21,0.104,0.162,1.1
584,585,0.214,0.108,0.164,1.08
585,586,0.218,0.11,0.167,1.07
586,587,0.222,0.0989,0.149,1.06
587,588,0.226,0.0963,0.143,1.05
588,589,0.231,0.0921,0.135,1.04
589,590,0.235,0.0929,0.137,1.04
590,591,0.239,0.0907,0.131,1.02
591,592,0.244,0.0953,0.138,1.02
592,593,0.248,0.0866,0.125,1.02
593,594,0.253,0.0886,0.127,1.02
594,595,0.257,0.0875,0.124,1.0
595,596,0.262,0.0831,0.119,1.02
596,597,0.267,0.0872,0.124,1.0
597,598,0.272,0.0805,0.115,1.01
598,599,0.277,0.0849,0.119,0.993
599,600,0.282,0.0848,0.118,0.986
