,Meas. Pts.,Sliding Speed,Friction Factor,Frictional Force,Normal Force
0,1,4.72e-06,0.195,0.273,0.989
1,2,4.81e-06,0.328,0.46,0.992
2,3,4.87e-06,0.351,0.492,0.992
3,4,4.96e-06,0.362,0.505,0.988
4,5,5.06e-06,0.382,0.532,0.986
5,6,5.15e-06,0.404,0.563,0.985
6,7,5.24e-06,0.418,0.582,0.985
7,8,5.35e-06,0.43,0.599,0.985
8,9,5.45e-06,0.44,0.612,0.985
9,10,5.54e-06,0.441,0.614,0.984
10,11,5.65e-06,0.442,0.615,0.984
11,12,5.76e-06,0.437,0.608,0.984
12,13,5.86e-06,0.427,0.594,0.983
13,14,5.97e-06,0.421,0.585,0.983
14,15,6.08e-06,0.418,0.58,0.982
15,16,6.19e-06,0.415,0.577,0.983
16,17,6.31e-06,0.417,0.579,0.982
17,18,6.43e-06,0.42,0.583,0.982
18,19,6.55e-06,0.426,0.591,0.982
19,20,6.65e-06,0.421,0.585,0.982
20,21,6.79e-06,0.415,0.577,0.982
21,22,6.91e-06,0.41,0.569,0.982
22,23,7.04e-06,0.407,0.565,0.982
23,24,7.17e-06,0.404,0.56,0.981
24,25,7.31e-06,0.398,0.553,0.981
25,26,7.44e-06,0.396,0.549,0.982
26,27,7.57e-06,0.39,0.541,0.98
27,28,7.73e-06,0.384,0.533,0.98
28,29,7.87e-06,0.382,0.529,0.98
29,30,7.99e-06,0.382,0.529,0.979
30,31,8.16e-06,0.382,0.529,0.979
31,32,8.31e-06,0.382,0.529,0.979
32,33,8.46e-06,0.386,0.534,0.979
33,34,8.62e-06,0.378,0.524,0.978
34,35,8.78e-06,0.371,0.514,0.978
35,36,8.94e-06,0.372,0.514,0.978
36,37,9.09e-06,0.371,0.513,0.977
37,38,9.28e-06,0.372,0.515,0.98
38,39,9.45e-06,0.373,0.519,0.983
39,40,9.63e-06,0.379,0.527,0.984
40,41,9.8e-06,0.381,0.53,0.984
41,42,1e-05,0.381,0.53,0.985
42,43,1.02e-05,0.375,0.522,0.984
43,44,1.03e-05,0.371,0.516,0.984
44,45,1.05e-05,0.368,0.512,0.984
45,46,1.08e-05,0.368,0.513,0.984
46,47,1.09e-05,0.364,0.506,0.984
47,48,1.11e-05,0.359,0.499,0.984
48,49,1.14e-05,0.355,0.493,0.983
49,50,1.16e-05,0.351,0.488,0.983
50,51,1.18e-05,0.354,0.492,0.983
51,52,1.2e-05,0.357,0.496,0.983
52,53,1.22e-05,0.36,0.5,0.983
53,54,1.24e-05,0.364,0.506,0.983
54,55,1.27e-05,0.366,0.508,0.983
55,56,1.29e-05,0.371,0.515,0.983
56,57,1.31e-05,0.369,0.513,0.983
57,58,1.34e-05,0.375,0.521,0.984
58,59,1.36e-05,0.374,0.52,0.984
59,60,1.39e-05,0.367,0.51,0.983
60,61,1.42e-05,0.362,0.503,0.983
61,62,1.44e-05,0.363,0.505,0.984
62,63,1.47e-05,0.37,0.515,0.983
63,64,1.49e-05,0.37,0.514,0.983
64,65,1.52e-05,0.371,0.515,0.983
65,66,1.55e-05,0.37,0.515,0.983
66,67,1.58e-05,0.369,0.512,0.983
67,68,1.61e-05,0.367,0.51,0.983
68,69,1.64e-05,0.366,0.509,0.983
69,70,1.67e-05,0.366,0.509,0.983
70,71,1.7e-05,0.368,0.512,0.983
71,72,1.73e-05,0.368,0.512,0.984
72,73,1.76e-05,0.361,0.502,0.984
73,74,1.8e-05,0.363,0.505,0.983
74,75,1.83e-05,0.357,0.497,0.984
75,76,1.86e-05,0.348,0.485,0.983
76,77,1.9e-05,0.348,0.484,0.984
77,78,1.94e-05,0.348,0.484,0.984
78,79,1.97e-05,0.347,0.483,0.982
79,80,2.01e-05,0.347,0.483,0.983
80,81,2.04e-05,0.343,0.477,0.983
81,82,2.08e-05,0.342,0.476,0.983
82,83,2.12e-05,0.336,0.468,0.984
83,84,2.16e-05,0.332,0.463,0.985
84,85,2.2e-05,0.327,0.455,0.985
85,86,2.24e-05,0.339,0.472,0.985
86,87,2.28e-05,0.338,0.471,0.985
87,88,2.32e-05,0.35,0.489,0.986
88,89,2.37e-05,0.358,0.499,0.986
89,90,2.41e-05,0.362,0.505,0.987
90,91,2.46e-05,0.368,0.514,0.987
91,92,2.5e-05,0.374,0.522,0.987
92,93,2.55e-05,0.373,0.521,0.988
93,94,2.6e-05,0.372,0.521,0.988
94,95,2.64e-05,0.373,0.521,0.989
95,96,2.69e-05,0.369,0.516,0.99
96,97,2.74e-05,0.369,0.517,0.991
97,98,2.79e-05,0.375,0.525,0.991
98,99,2.84e-05,0.374,0.524,0.992
99,100,2.9e-05,0.364,0.511,0.993
100,101,2.95e-05,0.35,0.491,0.991
101,102,3.01e-05,0.343,0.48,0.99
102,103,3.06e-05,0.342,0.479,0.991
103,104,3.12e-05,0.337,0.472,0.991
104,105,3.18e-05,0.339,0.474,0.99
105,106,3.23e-05,0.321,0.45,0.99
106,107,3.3e-05,0.326,0.456,0.99
107,108,3.36e-05,0.331,0.463,0.991
108,109,3.42e-05,0.339,0.475,0.991
109,110,3.48e-05,0.356,0.499,0.992
110,111,3.55e-05,0.359,0.503,0.992
111,112,3.61e-05,0.36,0.505,0.993
112,113,3.68e-05,0.358,0.503,0.994
113,114,3.75e-05,0.372,0.523,0.995
114,115,3.82e-05,0.385,0.541,0.995
115,116,3.89e-05,0.391,0.552,0.997
116,117,3.96e-05,0.383,0.541,0.997
117,118,4.03e-05,0.364,0.515,0.999
118,119,4.11e-05,0.361,0.511,1.0
119,120,4.18e-05,0.379,0.536,1.0
120,121,4.26e-05,0.382,0.54,1.0
121,122,4.34e-05,0.377,0.534,1.0
122,123,4.42e-05,0.358,0.508,1.0
123,124,4.5e-05,0.343,0.487,1.0
124,125,4.59e-05,0.345,0.49,1.0
125,126,4.67e-05,0.355,0.503,1.0
126,127,4.76e-05,0.367,0.522,1.0
127,128,4.85e-05,0.36,0.512,1.01
128,129,4.94e-05,0.358,0.51,1.01
129,130,5.03e-05,0.358,0.51,1.01
130,131,5.12e-05,0.363,0.519,1.01
131,132,5.22e-05,0.365,0.522,1.01
132,133,5.31e-05,0.376,0.539,1.01
133,134,5.41e-05,0.381,0.547,1.02
134,135,5.51e-05,0.364,0.523,1.02
135,136,5.61e-05,0.344,0.494,1.02
136,137,5.72e-05,0.349,0.503,1.02
137,138,5.82e-05,0.369,0.533,1.02
138,139,5.93e-05,0.379,0.549,1.02
139,140,6.05e-05,0.37,0.536,1.03
140,141,6.15e-05,0.35,0.508,1.03
141,142,6.27e-05,0.369,0.535,1.02
142,143,6.38e-05,0.374,0.543,1.03
143,144,6.5e-05,0.374,0.545,1.03
144,145,6.62e-05,0.348,0.507,1.03
145,146,6.74e-05,0.344,0.5,1.03
146,147,6.87e-05,0.347,0.503,1.03
147,148,7e-05,0.371,0.541,1.03
148,149,7.14e-05,0.35,0.51,1.03
149,150,7.26e-05,0.347,0.504,1.03
150,151,7.38e-05,0.345,0.501,1.03
151,152,7.53e-05,0.358,0.518,1.02
152,153,7.68e-05,0.387,0.555,1.01
153,154,7.81e-05,0.357,0.512,1.02
154,155,7.95e-05,0.371,0.534,1.02
155,156,8.11e-05,0.379,0.547,1.02
156,157,8.25e-05,0.364,0.525,1.02
157,158,8.4e-05,0.389,0.564,1.02
158,159,8.56e-05,0.402,0.583,1.02
159,160,8.71e-05,0.363,0.526,1.02
160,161,8.88e-05,0.357,0.518,1.03
161,162,9.05e-05,0.375,0.544,1.02
162,163,9.22e-05,0.38,0.554,1.03
163,164,9.39e-05,0.375,0.549,1.03
164,165,9.56e-05,0.367,0.535,1.03
165,166,9.74e-05,0.332,0.485,1.03
166,167,9.92e-05,0.32,0.467,1.03
167,168,0.000101,0.323,0.469,1.03
168,169,0.000103,0.319,0.462,1.03
169,170,0.000105,0.322,0.465,1.02
170,171,0.000107,0.335,0.486,1.03
171,172,0.000109,0.343,0.495,1.02
172,173,0.000111,0.332,0.48,1.02
173,174,0.000113,0.348,0.495,1.01
174,175,0.000115,0.333,0.476,1.01
175,176,0.000117,0.347,0.497,1.01
176,177,0.000119,0.337,0.483,1.01
177,178,0.000121,0.33,0.474,1.02
178,179,0.000124,0.352,0.507,1.02
179,180,0.000126,0.317,0.46,1.02
180,181,0.000128,0.319,0.465,1.03
181,182,0.000131,0.329,0.48,1.03
182,183,0.000133,0.349,0.507,1.03
183,184,0.000135,0.342,0.496,1.03
184,185,0.000138,0.357,0.517,1.02
185,186,0.000141,0.353,0.511,1.02
186,187,0.000143,0.333,0.485,1.03
187,188,0.000146,0.321,0.47,1.03
188,189,0.000149,0.352,0.512,1.03
189,190,0.000151,0.327,0.475,1.03
190,191,0.000154,0.314,0.453,1.02
191,192,0.000157,0.304,0.443,1.03
192,193,0.00016,0.307,0.449,1.03
193,194,0.000163,0.324,0.474,1.03
194,195,0.000166,0.309,0.449,1.03
195,196,0.000169,0.331,0.484,1.03
196,197,0.000172,0.352,0.515,1.03
197,198,0.000175,0.313,0.457,1.03
198,199,0.000179,0.289,0.419,1.02
199,200,0.000182,0.314,0.454,1.02
200,201,0.000185,0.329,0.478,1.03
201,202,0.000189,0.316,0.46,1.03
202,203,0.000192,0.361,0.523,1.02
203,204,0.000196,0.37,0.535,1.02
204,205,0.000199,0.339,0.488,1.02
205,206,0.000203,0.335,0.478,1.01
206,207,0.000207,0.33,0.47,1.01
207,208,0.000211,0.35,0.496,1.0
208,209,0.000215,0.36,0.509,0.999
209,210,0.000218,0.319,0.446,0.99
210,211,0.000223,0.306,0.427,0.987
211,212,0.000227,0.327,0.452,0.979
212,213,0.000231,0.347,0.475,0.969
213,214,0.000235,0.368,0.5,0.961
214,215,0.000239,0.344,0.469,0.963
215,216,0.000244,0.318,0.432,0.961
216,217,0.000248,0.296,0.408,0.975
217,218,0.000253,0.326,0.447,0.969
218,219,0.000258,0.348,0.476,0.967
219,220,0.000263,0.331,0.454,0.97
220,221,0.000267,0.305,0.418,0.97
221,222,0.000272,0.303,0.413,0.963
222,223,0.000277,0.355,0.487,0.97
223,224,0.000283,0.306,0.419,0.969
224,225,0.000288,0.32,0.44,0.971
225,226,0.000293,0.293,0.41,0.987
226,227,0.000299,0.312,0.437,0.99
227,228,0.000304,0.311,0.434,0.984
228,229,0.00031,0.346,0.476,0.974
229,230,0.000315,0.329,0.447,0.962
230,231,0.000321,0.314,0.43,0.969
231,232,0.000327,0.303,0.416,0.97
232,233,0.000334,0.329,0.451,0.969
233,234,0.00034,0.313,0.429,0.968
234,235,0.000346,0.3,0.409,0.963
235,236,0.000352,0.313,0.428,0.966
236,237,0.000359,0.328,0.454,0.979
237,238,0.000365,0.336,0.465,0.977
238,239,0.000372,0.32,0.441,0.975
239,240,0.000379,0.328,0.454,0.979
240,241,0.000386,0.31,0.433,0.989
241,242,0.000393,0.342,0.481,0.995
242,243,0.000401,0.339,0.482,1.0
243,244,0.000408,0.353,0.508,1.02
244,245,0.000415,0.36,0.521,1.02
245,246,0.000423,0.361,0.527,1.03
246,247,0.000431,0.338,0.498,1.04
247,248,0.000439,0.335,0.491,1.04
248,249,0.000447,0.336,0.485,1.02
249,250,0.000455,0.348,0.507,1.03
250,251,0.000464,0.363,0.529,1.03
251,252,0.000473,0.384,0.563,1.04
252,253,0.000481,0.356,0.527,1.05
253,254,0.00049,0.309,0.456,1.04
254,255,0.000499,0.334,0.49,1.04
255,256,0.000509,0.358,0.527,1.04
256,257,0.000518,0.339,0.496,1.03
257,258,0.000528,0.333,0.491,1.04
258,259,0.000537,0.279,0.404,1.03
259,260,0.000547,0.25,0.358,1.02
260,261,0.000557,0.271,0.384,1.0
261,262,0.000568,0.302,0.422,0.987
262,263,0.000579,0.287,0.393,0.968
263,264,0.000589,0.28,0.38,0.959
264,265,0.0006,0.311,0.425,0.966
265,266,0.000611,0.296,0.401,0.957
266,267,0.000623,0.313,0.426,0.962
267,268,0.000634,0.312,0.424,0.962
268,269,0.000646,0.344,0.468,0.96
269,270,0.000658,0.339,0.461,0.961
270,271,0.00067,0.337,0.457,0.959
271,272,0.000683,0.35,0.479,0.969
272,273,0.000695,0.334,0.451,0.956
273,274,0.000708,0.35,0.475,0.96
274,275,0.000721,0.37,0.509,0.973
275,276,0.000735,0.363,0.506,0.986
276,277,0.000748,0.35,0.501,1.01
277,278,0.000762,0.37,0.542,1.03
278,279,0.000776,0.355,0.526,1.05
279,280,0.000791,0.358,0.528,1.04
280,281,0.000805,0.399,0.591,1.05
281,282,0.00082,0.364,0.544,1.06
282,283,0.000835,0.362,0.541,1.06
283,284,0.000851,0.355,0.534,1.06
284,285,0.000866,0.369,0.541,1.04
285,286,0.000882,0.352,0.512,1.03
286,287,0.000899,0.331,0.47,1.0
287,288,0.000916,0.341,0.469,0.972
288,289,0.000932,0.3,0.397,0.935
289,290,0.00095,0.323,0.423,0.926
290,291,0.000967,0.329,0.44,0.945
291,292,0.000985,0.356,0.477,0.95
292,293,0.001,0.334,0.448,0.95
293,294,0.00102,0.325,0.436,0.949
294,295,0.00104,0.339,0.463,0.966
295,296,0.00106,0.345,0.476,0.976
296,297,0.00108,0.358,0.503,0.993
297,298,0.0011,0.331,0.487,1.04
298,299,0.00112,0.353,0.531,1.06
299,300,0.00114,0.327,0.49,1.06
300,301,0.00116,0.364,0.552,1.07
301,302,0.00118,0.33,0.501,1.07
302,303,0.00121,0.351,0.54,1.09
303,304,0.00123,0.317,0.471,1.05
304,305,0.00125,0.32,0.459,1.01
305,306,0.00127,0.333,0.451,0.958
306,307,0.0013,0.318,0.419,0.932
307,308,0.00132,0.315,0.412,0.926
308,309,0.00135,0.347,0.456,0.929
309,310,0.00137,0.328,0.438,0.943
310,311,0.0014,0.346,0.465,0.951
311,312,0.00142,0.342,0.475,0.982
312,313,0.00145,0.357,0.512,1.01
313,314,0.00148,0.338,0.496,1.04
314,315,0.0015,0.365,0.543,1.05
315,316,0.00153,0.35,0.534,1.08
316,317,0.00156,0.344,0.516,1.06
317,318,0.00159,0.289,0.418,1.02
318,319,0.00162,0.296,0.405,0.968
319,320,0.00165,0.309,0.407,0.93
320,321,0.00168,0.339,0.452,0.944
321,322,0.00171,0.345,0.46,0.942
322,323,0.00174,0.358,0.478,0.943
323,324,0.00177,0.339,0.474,0.988
324,325,0.00181,0.357,0.532,1.05
325,326,0.00184,0.383,0.577,1.07
326,327,0.00187,0.356,0.555,1.1
327,328,0.00191,0.359,0.551,1.09
328,329,0.00194,0.329,0.471,1.01
329,330,0.00198,0.323,0.425,0.931
330,331,0.00202,0.338,0.445,0.931
331,332,0.00205,0.321,0.421,0.928
332,333,0.00209,0.333,0.445,0.945
333,334,0.00213,0.325,0.469,1.02
334,335,0.00217,0.334,0.504,1.07
335,336,0.00221,0.33,0.514,1.1
336,337,0.00225,0.327,0.51,1.1
337,338,0.00229,0.315,0.447,1.0
338,339,0.00234,0.307,0.407,0.939
339,340,0.00238,0.325,0.424,0.922
340,341,0.00242,0.33,0.427,0.916
341,342,0.00247,0.339,0.47,0.981
342,343,0.00251,0.33,0.476,1.02
343,344,0.00256,0.334,0.511,1.08
344,345,0.00261,0.291,0.441,1.07
345,346,0.00266,0.284,0.391,0.973
346,347,0.00271,0.312,0.415,0.94
347,348,0.00276,0.333,0.439,0.932
348,349,0.00281,0.328,0.46,0.992
349,350,0.00286,0.351,0.522,1.05
350,351,0.00291,0.328,0.52,1.12
351,352,0.00297,0.315,0.465,1.05
352,353,0.00302,0.304,0.403,0.939
353,354,0.00308,0.297,0.392,0.931
354,355,0.00313,0.322,0.435,0.956
355,356,0.00319,0.329,0.495,1.06
356,357,0.00325,0.311,0.499,1.13
357,358,0.00331,0.304,0.469,1.09
358,359,0.00337,0.283,0.385,0.961
359,360,0.00344,0.294,0.379,0.914
360,361,0.0035,0.322,0.437,0.96
361,362,0.00356,0.325,0.471,1.03
362,363,0.00363,0.298,0.464,1.1
363,364,0.0037,0.27,0.372,0.975
364,365,0.00377,0.31,0.401,0.914
365,366,0.00384,0.314,0.434,0.976
366,367,0.00391,0.338,0.52,1.09
367,368,0.00398,0.319,0.507,1.12
368,369,0.00405,0.282,0.385,0.964
369,370,0.00413,0.292,0.382,0.927
370,371,0.0042,0.306,0.448,1.04
371,372,0.00428,0.3,0.486,1.14
372,373,0.00436,0.29,0.437,1.07
373,374,0.00444,0.282,0.385,0.965
374,375,0.00453,0.304,0.407,0.948
375,376,0.00461,0.3,0.443,1.04
376,377,0.00469,0.248,0.365,1.04
377,378,0.00478,0.284,0.374,0.93
378,379,0.00487,0.297,0.407,0.969
379,380,0.00496,0.298,0.471,1.12
380,381,0.00505,0.26,0.376,1.02
381,382,0.00515,0.264,0.347,0.929
382,383,0.00524,0.29,0.414,1.01
383,384,0.00534,0.29,0.467,1.14
384,385,0.00544,0.245,0.33,0.954
385,386,0.00554,0.282,0.359,0.899
386,387,0.00564,0.282,0.41,1.03
387,388,0.00575,0.24,0.34,1.0
388,389,0.00585,0.278,0.35,0.891
389,390,0.00596,0.295,0.426,1.02
390,391,0.00607,0.254,0.371,1.03
391,392,0.00618,0.26,0.335,0.91
392,393,0.0063,0.289,0.422,1.03
393,394,0.00642,0.265,0.407,1.08
394,395,0.00653,0.263,0.344,0.926
395,396,0.00665,0.271,0.386,1.01
396,397,0.00678,0.229,0.327,1.01
397,398,0.0069,0.269,0.335,0.88
398,399,0.00703,0.269,0.41,1.08
399,400,0.00716,0.235,0.314,0.947
400,401,0.0073,0.269,0.373,0.98
401,402,0.00743,0.259,0.408,1.11
402,403,0.00757,0.253,0.331,0.926
403,404,0.00771,0.259,0.381,1.04
404,405,0.00785,0.236,0.311,0.93
405,406,0.008,0.264,0.357,0.958
406,407,0.00814,0.228,0.324,1.01
407,408,0.0083,0.252,0.325,0.914
408,409,0.00845,0.254,0.405,1.13
409,410,0.00861,0.245,0.315,0.912
410,411,0.00877,0.247,0.371,1.06
411,412,0.00893,0.239,0.301,0.887
412,413,0.00909,0.255,0.39,1.08
413,414,0.00926,0.223,0.292,0.927
414,415,0.00943,0.25,0.388,1.1
415,416,0.00961,0.219,0.29,0.936
416,417,0.00979,0.24,0.36,1.06
417,418,0.00997,0.233,0.297,0.902
418,419,0.0102,0.233,0.362,1.1
419,420,0.0103,0.229,0.3,0.925
420,421,0.0105,0.23,0.355,1.09
421,422,0.0107,0.241,0.318,0.933
422,423,0.0109,0.203,0.279,0.971
423,424,0.0111,0.23,0.335,1.03
424,425,0.0113,0.211,0.271,0.911
425,426,0.0115,0.225,0.351,1.1
426,427,0.0118,0.232,0.311,0.946
427,428,0.012,0.202,0.27,0.944
428,429,0.0122,0.226,0.34,1.06
429,430,0.0124,0.227,0.299,0.93
430,431,0.0127,0.194,0.269,0.983
431,432,0.0129,0.212,0.312,1.04
432,433,0.0131,0.219,0.286,0.924
433,434,0.0134,0.191,0.251,0.932
434,435,0.0136,0.206,0.315,1.08
435,436,0.0139,0.215,0.304,1.0
436,437,0.0141,0.21,0.272,0.914
437,438,0.0144,0.181,0.243,0.949
438,439,0.0147,0.198,0.303,1.08
439,440,0.0149,0.206,0.301,1.03
440,441,0.0152,0.207,0.278,0.952
441,442,0.0155,0.193,0.252,0.926
442,443,0.0158,0.18,0.249,0.975
443,444,0.0161,0.183,0.262,1.01
444,445,0.0164,0.182,0.273,1.06
445,446,0.0167,0.204,0.316,1.1
446,447,0.017,0.199,0.289,1.03
447,448,0.0173,0.193,0.274,1.0
448,449,0.0176,0.202,0.285,0.998
449,450,0.0179,0.199,0.275,0.977
450,451,0.0183,0.194,0.261,0.952
451,452,0.0186,0.19,0.256,0.951
452,453,0.019,0.186,0.252,0.957
453,454,0.0193,0.185,0.248,0.947
454,455,0.0197,0.189,0.261,0.978
455,456,0.02,0.183,0.256,0.989
456,457,0.0204,0.184,0.268,1.03
457,458,0.0208,0.187,0.287,1.09
458,459,0.0212,0.167,0.25,1.05
459,460,0.0216,0.155,0.225,1.03
460,461,0.022,0.162,0.23,1.01
461,462,0.0224,0.165,0.22,0.942
462,463,0.0228,0.178,0.253,1.01
463,464,0.0232,0.163,0.237,1.03
464,465,0.0236,0.15,0.214,1.01
465,466,0.0241,0.157,0.214,0.968
466,467,0.0245,0.163,0.23,0.995
467,468,0.025,0.158,0.237,1.06
468,469,0.0254,0.151,0.203,0.95
469,470,0.0259,0.17,0.247,1.03
470,471,0.0264,0.149,0.211,1.0
471,472,0.0269,0.157,0.219,0.984
472,473,0.0274,0.15,0.217,1.02
473,474,0.0279,0.151,0.206,0.965
474,475,0.0284,0.149,0.212,1.01
475,476,0.0289,0.149,0.203,0.961
476,477,0.0295,0.142,0.201,1.0
477,478,0.03,0.154,0.218,1.0
478,479,0.0306,0.143,0.197,0.973
479,480,0.0311,0.146,0.214,1.03
480,481,0.0317,0.144,0.198,0.976
481,482,0.0323,0.142,0.202,1.0
482,483,0.0329,0.133,0.187,0.995
483,484,0.0335,0.14,0.197,0.996
484,485,0.0341,0.143,0.201,0.997
485,486,0.0348,0.132,0.183,0.979
486,487,0.0354,0.136,0.194,1.01
487,488,0.0361,0.131,0.183,0.99
488,489,0.0367,0.132,0.183,0.983
489,490,0.0374,0.136,0.196,1.02
490,491,0.0381,0.127,0.177,0.99
491,492,0.0388,0.128,0.177,0.983
492,493,0.0395,0.13,0.187,1.01
493,494,0.0403,0.13,0.185,1.0
494,495,0.041,0.122,0.171,0.99
495,496,0.0418,0.127,0.177,0.987
496,497,0.0425,0.13,0.185,1.01
497,498,0.0433,0.123,0.175,1.01
498,499,0.0441,0.116,0.162,0.981
499,500,0.045,0.122,0.168,0.977
500,501,0.0458,0.12,0.174,1.02
501,502,0.0466,0.124,0.175,0.998
502,503,0.0475,0.12,0.172,1.02
503,504,0.0484,0.114,0.157,0.973
504,505,0.0493,0.11,0.153,0.988
505,506,0.0502,0.116,0.163,1.0
506,507,0.0511,0.116,0.159,0.97
507,508,0.0521,0.11,0.154,0.985
508,509,0.053,0.112,0.161,1.02
509,510,0.054,0.112,0.163,1.03
510,511,0.055,0.114,0.166,1.02
511,512,0.056,0.114,0.164,1.02
512,513,0.0571,0.112,0.162,1.02
513,514,0.0581,0.11,0.16,1.02
514,515,0.0592,0.106,0.153,1.02
515,516,0.0603,0.105,0.147,0.993
516,517,0.0614,0.104,0.144,0.975
517,518,0.0626,0.102,0.145,0.998
518,519,0.0637,0.099,0.138,0.987
519,520,0.0649,0.102,0.142,0.984
520,521,0.0661,0.1,0.144,1.01
521,522,0.0673,0.104,0.148,1.0
522,523,0.0686,0.1,0.141,0.992
523,524,0.0699,0.0944,0.132,0.992
524,525,0.0711,0.098,0.138,0.999
525,526,0.0725,0.0994,0.14,0.998
526,527,0.0738,0.0949,0.134,0.995
527,528,0.0752,0.0948,0.133,0.992
528,529,0.0766,0.0963,0.136,1.0
529,530,0.078,0.091,0.128,0.994
530,531,0.0794,0.0928,0.13,0.994
531,532,0.0809,0.0955,0.135,0.998
532,533,0.0824,0.0924,0.131,0.999
533,534,0.0839,0.0935,0.131,0.993
534,535,0.0855,0.0901,0.128,1.0
535,536,0.0871,0.0923,0.129,0.992
536,537,0.0887,0.087,0.122,0.99
537,538,0.0903,0.0857,0.122,1.01
538,539,0.092,0.0872,0.125,1.01
539,540,0.0937,0.0868,0.123,1.0
540,541,0.0955,0.0862,0.123,1.01
541,542,0.0972,0.0847,0.121,1.01
542,543,0.099,0.0836,0.117,0.991
543,544,0.101,0.0842,0.118,0.989
544,545,0.103,0.0818,0.116,1.0
545,546,0.105,0.0825,0.116,0.991
546,547,0.107,0.0806,0.113,0.995
547,548,0.109,0.0809,0.114,1.0
548,549,0.111,0.0811,0.114,0.997
549,550,0.113,0.0806,0.113,0.994
550,551,0.115,0.0796,0.112,0.996
551,552,0.117,0.0789,0.111,0.994
552,553,0.119,0.0796,0.112,0.996
553,554,0.121,0.0779,0.11,0.996
554,555,0.123,0.079,0.112,1.0
555,556,0.126,0.078,0.11,0.992
556,557,0.128,0.0762,0.107,0.995
557,558,0.13,0.0747,0.106,0.999
558,559,0.133,0.0754,0.107,1.0
559,560,0.135,0.0757,0.106,0.991
560,561,0.138,0.0766,0.108,0.995
561,562,0.14,0.0742,0.105,0.996
562,563,0.143,0.0759,0.107,0.998
563,564,0.146,0.0727,0.102,0.992
564,565,0.148,0.0745,0.106,1.0
565,566,0.151,0.0715,0.1,0.994
566,567,0.154,0.0717,0.101,0.993
567,568,0.157,0.0717,0.102,1.0
568,569,0.16,0.0738,0.104,0.999
569,570,0.163,0.0727,0.103,1.0
570,571,0.166,0.0759,0.107,1.0
571,572,0.169,0.0743,0.106,1.0
572,573,0.172,0.0757,0.107,1.0
573,574,0.175,0.0735,0.104,1.0
574,575,0.178,0.0768,0.109,1.01
575,576,0.182,0.0759,0.109,1.02
576,577,0.185,0.0752,0.11,1.03
577,578,0.188,0.0781,0.113,1.03
578,579,0.192,0.0789,0.115,1.03
579,580,0.195,0.0755,0.11,1.03
580,581,0.199,0.08,0.116,1.03
581,582,0.203,0.0792,0.116,1.04
582,583,0.206,0.0836,0.123,1.04
583,584,0.21,0.0846,0.126,1.05
584,585,0.214,0.0847,0.126,1.05
585,586,0.218,0.0911,0.133,1.03
586,587,0.222,0.0823,0.12,1.03
587,588,0.226,0.0814,0.116,1.01
588,589,0.231,0.0759,0.107,0.999
589,590,0.235,0.0787,0.11,0.992
590,591,0.239,0.0783,0.109,0.982
591,592,0.244,0.0818,0.113,0.979
592,593,0.248,0.0739,0.102,0.98
593,594,0.253,0.0733,0.101,0.979
594,595,0.257,0.0743,0.104,0.988
595,596,0.262,0.0716,0.0994,0.982
596,597,0.267,0.0715,0.1,0.989
597,598,0.272,0.0685,0.0939,0.97
598,599,0.277,0.0704,0.0974,0.977
599,600,0.282,0.069,0.0957,0.98
