,Meas. Pts.,Sliding Speed,Friction Factor,Frictional Force,Normal Force
0,1,4.78e-06,0.214,0.301,0.993
1,2,4.86e-06,0.346,0.487,0.996
2,3,4.89e-06,0.355,0.502,1.0
3,4,4.96e-06,0.357,0.504,0.998
4,5,5.06e-06,0.37,0.521,0.997
5,6,5.15e-06,0.381,0.538,0.998
6,7,5.26e-06,0.391,0.552,0.998
7,8,5.36e-06,0.395,0.558,0.998
8,9,5.45e-06,0.399,0.563,0.998
9,10,5.54e-06,0.398,0.563,0.999
10,11,5.65e-06,0.399,0.564,0.998
11,12,5.77e-06,0.397,0.561,0.999
12,13,5.87e-06,0.391,0.551,0.998
13,14,5.97e-06,0.384,0.542,0.999
14,15,6.08e-06,0.376,0.532,0.999
15,16,6.19e-06,0.369,0.521,0.999
16,17,6.3e-06,0.362,0.511,0.999
17,18,6.43e-06,0.354,0.501,1.0
18,19,6.56e-06,0.347,0.491,1.0
19,20,6.67e-06,0.337,0.478,1.0
20,21,6.79e-06,0.332,0.47,1.0
21,22,6.92e-06,0.327,0.463,1.0
22,23,7.05e-06,0.324,0.458,1.0
23,24,7.18e-06,0.322,0.455,1.0
24,25,7.3e-06,0.318,0.451,1.0
25,26,7.44e-06,0.318,0.451,1.0
26,27,7.58e-06,0.32,0.453,1.0
27,28,7.72e-06,0.32,0.453,1.0
28,29,7.87e-06,0.32,0.455,1.0
29,30,8e-06,0.319,0.453,1.0
30,31,8.16e-06,0.319,0.453,1.0
31,32,8.32e-06,0.324,0.46,1.0
32,33,8.46e-06,0.329,0.467,1.0
33,34,8.59e-06,0.335,0.476,1.0
34,35,8.78e-06,0.34,0.483,1.0
35,36,8.94e-06,0.342,0.486,1.01
36,37,9.11e-06,0.351,0.499,1.01
37,38,9.28e-06,0.358,0.509,1.01
38,39,9.45e-06,0.364,0.518,1.01
39,40,9.62e-06,0.366,0.522,1.01
40,41,9.81e-06,0.374,0.533,1.01
41,42,1e-05,0.378,0.538,1.01
42,43,1.02e-05,0.378,0.539,1.01
43,44,1.04e-05,0.376,0.536,1.01
44,45,1.05e-05,0.375,0.535,1.01
45,46,1.08e-05,0.374,0.534,1.01
46,47,1.09e-05,0.369,0.527,1.01
47,48,1.11e-05,0.365,0.521,1.01
48,49,1.14e-05,0.368,0.525,1.01
49,50,1.16e-05,0.364,0.52,1.01
50,51,1.18e-05,0.357,0.51,1.01
51,52,1.2e-05,0.354,0.507,1.01
52,53,1.22e-05,0.348,0.499,1.01
53,54,1.24e-05,0.349,0.499,1.01
54,55,1.27e-05,0.352,0.504,1.01
55,56,1.29e-05,0.355,0.509,1.01
56,57,1.31e-05,0.355,0.51,1.01
57,58,1.34e-05,0.36,0.516,1.02
58,59,1.36e-05,0.361,0.518,1.02
59,60,1.39e-05,0.362,0.52,1.02
60,61,1.42e-05,0.362,0.52,1.02
61,62,1.44e-05,0.354,0.51,1.02
62,63,1.47e-05,0.349,0.502,1.02
63,64,1.5e-05,0.345,0.498,1.02
64,65,1.52e-05,0.339,0.489,1.02
65,66,1.55e-05,0.336,0.485,1.02
66,67,1.58e-05,0.332,0.478,1.02
67,68,1.61e-05,0.329,0.474,1.02
68,69,1.64e-05,0.328,0.473,1.02
69,70,1.67e-05,0.327,0.473,1.02
70,71,1.7e-05,0.324,0.468,1.02
71,72,1.73e-05,0.32,0.462,1.02
72,73,1.76e-05,0.316,0.457,1.02
73,74,1.8e-05,0.316,0.454,1.02
74,75,1.83e-05,0.317,0.456,1.02
75,76,1.86e-05,0.318,0.457,1.02
76,77,1.9e-05,0.314,0.452,1.02
77,78,1.94e-05,0.314,0.452,1.02
78,79,1.97e-05,0.311,0.448,1.02
79,80,2.01e-05,0.307,0.442,1.02
80,81,2.04e-05,0.313,0.451,1.02
81,82,2.08e-05,0.317,0.457,1.02
82,83,2.12e-05,0.314,0.453,1.02
83,84,2.16e-05,0.312,0.451,1.02
84,85,2.2e-05,0.312,0.448,1.02
85,86,2.24e-05,0.311,0.447,1.02
86,87,2.28e-05,0.318,0.457,1.02
87,88,2.32e-05,0.32,0.461,1.02
88,89,2.37e-05,0.32,0.461,1.02
89,90,2.41e-05,0.319,0.459,1.02
90,91,2.46e-05,0.317,0.457,1.02
91,92,2.5e-05,0.314,0.453,1.02
92,93,2.55e-05,0.307,0.444,1.02
93,94,2.6e-05,0.314,0.454,1.02
94,95,2.64e-05,0.32,0.462,1.02
95,96,2.69e-05,0.324,0.466,1.02
96,97,2.74e-05,0.323,0.465,1.02
97,98,2.79e-05,0.321,0.463,1.02
98,99,2.84e-05,0.321,0.46,1.01
99,100,2.9e-05,0.319,0.457,1.01
100,101,2.95e-05,0.316,0.454,1.02
101,102,3.01e-05,0.309,0.444,1.02
102,103,3.06e-05,0.299,0.43,1.02
103,104,3.12e-05,0.295,0.425,1.02
104,105,3.18e-05,0.294,0.426,1.02
105,106,3.23e-05,0.288,0.417,1.02
106,107,3.29e-05,0.282,0.409,1.02
107,108,3.36e-05,0.284,0.412,1.03
108,109,3.42e-05,0.291,0.423,1.03
109,110,3.48e-05,0.294,0.427,1.03
110,111,3.55e-05,0.3,0.428,1.01
111,112,3.61e-05,0.306,0.436,1.01
112,113,3.68e-05,0.294,0.421,1.01
113,114,3.75e-05,0.295,0.422,1.01
114,115,3.82e-05,0.29,0.415,1.01
115,116,3.89e-05,0.287,0.411,1.01
116,117,3.96e-05,0.276,0.396,1.02
117,118,4.03e-05,0.285,0.409,1.02
118,119,4.11e-05,0.295,0.424,1.02
119,120,4.18e-05,0.312,0.448,1.02
120,121,4.26e-05,0.315,0.454,1.02
121,122,4.34e-05,0.307,0.445,1.03
122,123,4.42e-05,0.307,0.447,1.03
123,124,4.5e-05,0.302,0.44,1.03
124,125,4.59e-05,0.286,0.415,1.02
125,126,4.67e-05,0.286,0.413,1.02
126,127,4.76e-05,0.282,0.411,1.03
127,128,4.85e-05,0.282,0.408,1.02
128,129,4.94e-05,0.294,0.428,1.03
129,130,5.03e-05,0.291,0.425,1.03
130,131,5.12e-05,0.279,0.405,1.03
131,132,5.21e-05,0.268,0.386,1.02
132,133,5.31e-05,0.278,0.399,1.02
133,134,5.41e-05,0.284,0.406,1.01
134,135,5.51e-05,0.305,0.435,1.01
135,136,5.61e-05,0.314,0.447,1.01
136,137,5.72e-05,0.32,0.459,1.02
137,138,5.82e-05,0.323,0.466,1.02
138,139,5.93e-05,0.305,0.443,1.03
139,140,6.04e-05,0.317,0.465,1.04
140,141,6.15e-05,0.328,0.48,1.03
141,142,6.26e-05,0.313,0.45,1.02
142,143,6.39e-05,0.286,0.404,1.0
143,144,6.5e-05,0.272,0.381,0.992
144,145,6.62e-05,0.256,0.359,0.992
145,146,6.75e-05,0.296,0.416,0.992
146,147,6.87e-05,0.277,0.388,0.992
147,148,6.99e-05,0.263,0.368,0.991
148,149,7.12e-05,0.282,0.395,0.99
149,150,7.26e-05,0.294,0.412,0.989
150,151,7.39e-05,0.271,0.378,0.987
151,152,7.53e-05,0.279,0.388,0.984
152,153,7.67e-05,0.265,0.369,0.982
153,154,7.81e-05,0.276,0.383,0.979
154,155,7.96e-05,0.289,0.4,0.978
155,156,8.1e-05,0.291,0.402,0.977
156,157,8.26e-05,0.298,0.41,0.975
157,158,8.41e-05,0.29,0.399,0.973
158,159,8.56e-05,0.291,0.4,0.972
159,160,8.72e-05,0.309,0.427,0.978
160,161,8.88e-05,0.297,0.413,0.982
161,162,9.05e-05,0.3,0.415,0.979
162,163,9.21e-05,0.31,0.426,0.974
163,164,9.39e-05,0.314,0.431,0.971
164,165,9.56e-05,0.336,0.46,0.969
165,166,9.73e-05,0.327,0.451,0.975
166,167,9.92e-05,0.343,0.473,0.976
167,168,0.000101,0.327,0.452,0.977
168,169,0.000103,0.324,0.448,0.977
169,170,0.000105,0.32,0.44,0.973
170,171,0.000107,0.318,0.436,0.969
171,172,0.000109,0.311,0.43,0.977
172,173,0.000111,0.332,0.456,0.973
173,174,0.000113,0.324,0.446,0.972
174,175,0.000115,0.302,0.419,0.981
175,176,0.000117,0.308,0.425,0.977
176,177,0.000119,0.283,0.391,0.975
177,178,0.000121,0.307,0.422,0.973
178,179,0.000124,0.32,0.438,0.968
179,180,0.000126,0.32,0.437,0.965
180,181,0.000128,0.331,0.456,0.974
181,182,0.000131,0.309,0.428,0.979
182,183,0.000133,0.298,0.41,0.974
183,184,0.000136,0.289,0.403,0.987
184,185,0.000138,0.288,0.4,0.982
185,186,0.000141,0.284,0.393,0.978
186,187,0.000143,0.281,0.386,0.972
187,188,0.000146,0.307,0.419,0.967
188,189,0.000149,0.325,0.446,0.97
189,190,0.000151,0.311,0.43,0.978
190,191,0.000154,0.31,0.427,0.974
191,192,0.000157,0.308,0.427,0.979
192,193,0.00016,0.291,0.402,0.978
193,194,0.000163,0.269,0.373,0.979
194,195,0.000166,0.271,0.377,0.982
195,196,0.000169,0.276,0.382,0.977
196,197,0.000172,0.293,0.404,0.975
197,198,0.000175,0.332,0.456,0.972
198,199,0.000178,0.322,0.442,0.97
199,200,0.000182,0.308,0.423,0.972
200,201,0.000185,0.318,0.435,0.967
201,202,0.000189,0.325,0.449,0.978
202,203,0.000192,0.314,0.433,0.973
203,204,0.000196,0.271,0.37,0.965
204,205,0.000199,0.318,0.437,0.972
205,206,0.000203,0.297,0.409,0.974
206,207,0.000207,0.284,0.391,0.973
207,208,0.000211,0.332,0.456,0.972
208,209,0.000215,0.326,0.447,0.971
209,210,0.000218,0.331,0.452,0.967
210,211,0.000223,0.308,0.422,0.968
211,212,0.000227,0.318,0.436,0.968
212,213,0.000231,0.32,0.438,0.967
213,214,0.000235,0.321,0.441,0.973
214,215,0.000239,0.278,0.382,0.972
215,216,0.000244,0.296,0.408,0.975
216,217,0.000248,0.294,0.404,0.973
217,218,0.000253,0.284,0.393,0.979
218,219,0.000258,0.303,0.422,0.985
219,220,0.000263,0.3,0.419,0.989
220,221,0.000267,0.341,0.479,0.994
221,222,0.000272,0.334,0.475,1.0
222,223,0.000277,0.324,0.463,1.01
223,224,0.000282,0.343,0.496,1.02
224,225,0.000288,0.334,0.487,1.03
225,226,0.000293,0.326,0.479,1.04
226,227,0.000299,0.324,0.476,1.04
227,228,0.000304,0.319,0.464,1.03
228,229,0.00031,0.274,0.4,1.03
229,230,0.000315,0.289,0.42,1.03
230,231,0.000321,0.297,0.433,1.03
231,232,0.000327,0.421,0.614,1.03
232,233,0.000333,0.392,0.575,1.04
233,234,0.00034,0.411,0.602,1.04
234,235,0.000346,0.322,0.473,1.04
235,236,0.000352,0.336,0.493,1.04
236,237,0.000359,0.299,0.433,1.03
237,238,0.000365,0.323,0.468,1.02
238,239,0.000372,0.314,0.461,1.04
239,240,0.000379,0.325,0.479,1.04
240,241,0.000386,0.301,0.442,1.04
241,242,0.000393,0.342,0.497,1.03
242,243,0.0004,0.323,0.47,1.03
243,244,0.000408,0.308,0.445,1.02
244,245,0.000415,0.304,0.433,1.01
245,246,0.000423,0.278,0.393,1.0
246,247,0.000431,0.306,0.428,0.988
247,248,0.000439,0.316,0.435,0.972
248,249,0.000447,0.301,0.407,0.956
249,250,0.000456,0.292,0.391,0.945
250,251,0.000464,0.273,0.365,0.945
251,252,0.000473,0.293,0.394,0.951
252,253,0.000481,0.285,0.382,0.947
253,254,0.00049,0.302,0.408,0.956
254,255,0.000499,0.303,0.413,0.963
255,256,0.000509,0.321,0.448,0.987
256,257,0.000518,0.313,0.435,0.984
257,258,0.000528,0.323,0.448,0.98
258,259,0.000537,0.333,0.455,0.967
259,260,0.000547,0.305,0.419,0.971
260,261,0.000557,0.3,0.41,0.966
261,262,0.000568,0.311,0.426,0.97
262,263,0.000578,0.31,0.429,0.977
263,264,0.000589,0.33,0.461,0.987
264,265,0.0006,0.309,0.434,0.994
265,266,0.000611,0.326,0.464,1.01
266,267,0.000623,0.313,0.457,1.03
267,268,0.000634,0.31,0.46,1.05
268,269,0.000646,0.33,0.489,1.05
269,270,0.000658,0.336,0.502,1.06
270,271,0.00067,0.281,0.419,1.06
271,272,0.000683,0.32,0.476,1.05
272,273,0.000695,0.327,0.49,1.06
273,274,0.000708,0.308,0.464,1.06
274,275,0.000721,0.307,0.463,1.07
275,276,0.000734,0.315,0.468,1.05
276,277,0.000748,0.296,0.434,1.04
277,278,0.000762,0.309,0.444,1.02
278,279,0.000776,0.28,0.398,1.0
279,280,0.00079,0.287,0.395,0.974
280,281,0.000805,0.293,0.389,0.939
281,282,0.00082,0.311,0.417,0.947
282,283,0.000835,0.315,0.425,0.953
283,284,0.000851,0.296,0.402,0.961
284,285,0.000867,0.297,0.403,0.959
285,286,0.000882,0.281,0.38,0.956
286,287,0.000899,0.299,0.404,0.955
287,288,0.000915,0.308,0.412,0.948
288,289,0.000932,0.301,0.412,0.968
289,290,0.00095,0.301,0.421,0.99
290,291,0.000967,0.328,0.472,1.02
291,292,0.000985,0.346,0.506,1.03
292,293,0.001,0.312,0.46,1.04
293,294,0.00102,0.346,0.504,1.03
294,295,0.00104,0.353,0.524,1.05
295,296,0.00106,0.32,0.482,1.06
296,297,0.00108,0.329,0.491,1.06
297,298,0.0011,0.293,0.431,1.04
298,299,0.00112,0.297,0.427,1.01
299,300,0.00114,0.314,0.435,0.977
300,301,0.00116,0.317,0.426,0.95
301,302,0.00118,0.327,0.431,0.934
302,303,0.00121,0.334,0.442,0.936
303,304,0.00123,0.33,0.435,0.932
304,305,0.00125,0.344,0.463,0.951
305,306,0.00127,0.342,0.458,0.949
306,307,0.0013,0.343,0.474,0.975
307,308,0.00132,0.358,0.518,1.02
308,309,0.00135,0.347,0.519,1.06
309,310,0.00137,0.37,0.563,1.08
310,311,0.0014,0.331,0.512,1.1
311,312,0.00142,0.355,0.549,1.09
312,313,0.00145,0.339,0.5,1.04
313,314,0.00148,0.327,0.457,0.989
314,315,0.0015,0.323,0.426,0.933
315,316,0.00153,0.325,0.432,0.939
316,317,0.00156,0.336,0.449,0.945
317,318,0.00159,0.32,0.436,0.963
318,319,0.00162,0.329,0.454,0.973
319,320,0.00165,0.34,0.485,1.01
320,321,0.00168,0.332,0.501,1.07
321,322,0.00171,0.325,0.487,1.06
322,323,0.00174,0.33,0.51,1.09
323,324,0.00177,0.325,0.501,1.09
324,325,0.00181,0.305,0.439,1.02
325,326,0.00184,0.311,0.416,0.946
326,327,0.00187,0.306,0.405,0.936
327,328,0.00191,0.32,0.427,0.944
328,329,0.00194,0.324,0.432,0.943
329,330,0.00198,0.32,0.446,0.985
330,331,0.00202,0.343,0.501,1.03
331,332,0.00205,0.342,0.509,1.05
332,333,0.00209,0.333,0.52,1.1
333,334,0.00213,0.307,0.468,1.08
334,335,0.00217,0.301,0.427,1.0
335,336,0.00221,0.313,0.412,0.932
336,337,0.00225,0.334,0.44,0.931
337,338,0.00229,0.338,0.451,0.943
338,339,0.00234,0.334,0.466,0.987
339,340,0.00238,0.343,0.515,1.06
340,341,0.00242,0.339,0.528,1.1
341,342,0.00247,0.341,0.539,1.12
342,343,0.00251,0.307,0.436,1.0
343,344,0.00256,0.319,0.421,0.934
344,345,0.00261,0.319,0.414,0.917
345,346,0.00266,0.322,0.434,0.952
346,347,0.00271,0.321,0.476,1.05
347,348,0.00276,0.343,0.525,1.08
348,349,0.00281,0.32,0.509,1.12
349,350,0.00286,0.299,0.428,1.01
350,351,0.00291,0.302,0.4,0.937
351,352,0.00297,0.312,0.408,0.923
352,353,0.00302,0.315,0.429,0.963
353,354,0.00308,0.328,0.472,1.02
354,355,0.00313,0.329,0.511,1.1
355,356,0.00319,0.293,0.428,1.03
356,357,0.00325,0.303,0.397,0.927
357,358,0.00331,0.323,0.418,0.917
358,359,0.00337,0.327,0.46,0.996
359,360,0.00344,0.355,0.547,1.09
360,361,0.0035,0.333,0.528,1.12
361,362,0.00356,0.295,0.411,0.986
362,363,0.00363,0.302,0.399,0.934
363,364,0.0037,0.317,0.432,0.963
364,365,0.00377,0.316,0.478,1.07
365,366,0.00384,0.314,0.504,1.14
366,367,0.00391,0.289,0.408,0.998
367,368,0.00398,0.298,0.39,0.924
368,369,0.00405,0.308,0.413,0.947
369,370,0.00413,0.323,0.472,1.03
370,371,0.0042,0.289,0.443,1.09
371,372,0.00428,0.292,0.391,0.947
372,373,0.00436,0.312,0.401,0.908
373,374,0.00444,0.328,0.48,1.04
374,375,0.00453,0.316,0.509,1.14
375,376,0.00461,0.285,0.392,0.973
376,377,0.00469,0.298,0.388,0.92
377,378,0.00478,0.303,0.451,1.05
378,379,0.00487,0.301,0.479,1.13
379,380,0.00496,0.269,0.365,0.96
380,381,0.00505,0.292,0.368,0.889
381,382,0.00515,0.305,0.422,0.981
382,383,0.00524,0.275,0.409,1.05
383,384,0.00534,0.294,0.376,0.903
384,385,0.00544,0.301,0.396,0.93
385,386,0.00554,0.298,0.465,1.1
386,387,0.00564,0.266,0.359,0.954
387,388,0.00575,0.288,0.372,0.912
388,389,0.00585,0.298,0.461,1.09
389,390,0.00596,0.268,0.398,1.05
390,391,0.00607,0.277,0.361,0.921
391,392,0.00618,0.292,0.418,1.01
392,393,0.0063,0.26,0.379,1.03
393,394,0.00641,0.285,0.365,0.905
394,395,0.00653,0.306,0.467,1.08
395,396,0.00666,0.258,0.374,1.02
396,397,0.00678,0.28,0.369,0.932
397,398,0.0069,0.287,0.458,1.13
398,399,0.00703,0.253,0.349,0.977
399,400,0.00716,0.28,0.381,0.963
400,401,0.0073,0.264,0.406,1.08
401,402,0.00743,0.277,0.354,0.903
402,403,0.00757,0.288,0.435,1.07
403,404,0.00771,0.246,0.335,0.965
404,405,0.00785,0.27,0.374,0.979
405,406,0.008,0.263,0.412,1.11
406,407,0.00815,0.262,0.341,0.92
407,408,0.0083,0.267,0.41,1.09
408,409,0.00845,0.265,0.346,0.923
409,410,0.00861,0.276,0.422,1.08
410,411,0.00877,0.237,0.317,0.946
411,412,0.00893,0.27,0.404,1.06
412,413,0.00909,0.239,0.339,1.0
413,414,0.00926,0.268,0.385,1.02
414,415,0.00943,0.244,0.34,0.986
415,416,0.00961,0.274,0.398,1.03
416,417,0.00979,0.226,0.31,0.967
417,418,0.00997,0.26,0.395,1.07
418,419,0.0102,0.232,0.32,0.973
419,420,0.0103,0.251,0.378,1.07
420,421,0.0105,0.25,0.319,0.904
421,422,0.0107,0.237,0.366,1.09
422,423,0.0109,0.247,0.33,0.944
423,424,0.0111,0.222,0.328,1.04
424,425,0.0113,0.247,0.355,1.02
425,426,0.0115,0.238,0.309,0.919
426,427,0.0118,0.229,0.349,1.08
427,428,0.012,0.243,0.328,0.956
428,429,0.0122,0.214,0.29,0.958
429,430,0.0124,0.233,0.344,1.04
430,431,0.0127,0.24,0.312,0.917
431,432,0.0129,0.208,0.276,0.936
432,433,0.0131,0.234,0.364,1.1
433,434,0.0134,0.237,0.326,0.974
434,435,0.0136,0.228,0.293,0.912
435,436,0.0139,0.206,0.297,1.02
436,437,0.0141,0.235,0.365,1.1
437,438,0.0144,0.231,0.314,0.962
438,439,0.0147,0.221,0.283,0.908
439,440,0.0149,0.192,0.263,0.969
440,441,0.0152,0.217,0.336,1.1
441,442,0.0155,0.22,0.324,1.04
442,443,0.0158,0.224,0.308,0.973
443,444,0.0161,0.212,0.282,0.94
444,445,0.0164,0.2,0.272,0.959
445,446,0.0167,0.202,0.276,0.967
446,447,0.017,0.191,0.275,1.02
447,448,0.0173,0.202,0.313,1.09
448,449,0.0176,0.201,0.304,1.07
449,450,0.0179,0.203,0.311,1.09
450,451,0.0183,0.212,0.332,1.11
451,452,0.0186,0.198,0.298,1.06
452,453,0.019,0.198,0.299,1.07
453,454,0.0193,0.204,0.315,1.09
454,455,0.0197,0.191,0.282,1.04
455,456,0.02,0.184,0.27,1.04
456,457,0.0204,0.187,0.278,1.05
457,458,0.0208,0.186,0.257,0.977
458,459,0.0212,0.176,0.235,0.945
459,460,0.0216,0.189,0.26,0.974
460,461,0.022,0.192,0.268,0.985
461,462,0.0224,0.196,0.296,1.07
462,463,0.0228,0.18,0.265,1.04
463,464,0.0232,0.17,0.235,0.98
464,465,0.0236,0.18,0.245,0.958
465,466,0.0241,0.181,0.259,1.01
466,467,0.0245,0.177,0.266,1.06
467,468,0.025,0.174,0.234,0.952
468,469,0.0254,0.186,0.271,1.03
469,470,0.0259,0.17,0.242,1.01
470,471,0.0264,0.171,0.233,0.962
471,472,0.0269,0.17,0.246,1.02
472,473,0.0274,0.16,0.218,0.963
473,474,0.0279,0.169,0.242,1.02
474,475,0.0284,0.159,0.217,0.966
475,476,0.0289,0.167,0.239,1.01
476,477,0.0295,0.16,0.218,0.96
477,478,0.03,0.163,0.231,1.0
478,479,0.0306,0.167,0.236,0.997
479,480,0.0311,0.159,0.219,0.971
480,481,0.0317,0.161,0.237,1.04
481,482,0.0323,0.158,0.221,0.993
482,483,0.0329,0.155,0.218,0.996
483,484,0.0335,0.148,0.208,0.993
484,485,0.0341,0.154,0.218,1.0
485,486,0.0348,0.156,0.225,1.02
486,487,0.0354,0.15,0.21,0.992
487,488,0.0361,0.148,0.21,1.0
488,489,0.0367,0.149,0.211,1.0
489,490,0.0374,0.148,0.207,0.992
490,491,0.0381,0.145,0.207,1.01
491,492,0.0388,0.146,0.208,1.01
492,493,0.0395,0.142,0.198,0.989
493,494,0.0403,0.145,0.203,0.993
494,495,0.041,0.145,0.207,1.01
495,496,0.0418,0.137,0.193,0.995
496,497,0.0425,0.14,0.2,1.01
497,498,0.0433,0.137,0.192,0.995
498,499,0.0441,0.141,0.201,1.01
499,500,0.045,0.136,0.195,1.02
500,501,0.0458,0.131,0.18,0.974
501,502,0.0466,0.134,0.191,1.0
502,503,0.0475,0.133,0.184,0.983
503,504,0.0484,0.133,0.193,1.03
504,505,0.0493,0.135,0.19,1.0
505,506,0.0502,0.125,0.178,1.01
506,507,0.0511,0.128,0.186,1.02
507,508,0.0521,0.126,0.176,0.988
508,509,0.053,0.123,0.168,0.97
509,510,0.054,0.121,0.166,0.974
510,511,0.055,0.119,0.166,0.985
511,512,0.056,0.118,0.165,0.99
512,513,0.0571,0.117,0.164,0.987
513,514,0.0581,0.116,0.161,0.978
514,515,0.0592,0.118,0.162,0.972
515,516,0.0603,0.118,0.164,0.985
516,517,0.0614,0.117,0.168,1.02
517,518,0.0626,0.114,0.163,1.01
518,519,0.0637,0.117,0.165,0.994
519,520,0.0649,0.117,0.169,1.02
520,521,0.0661,0.115,0.159,0.985
521,522,0.0673,0.11,0.155,0.996
522,523,0.0686,0.113,0.16,0.998
523,524,0.0699,0.112,0.158,1.0
524,525,0.0711,0.113,0.161,1.01
525,526,0.0725,0.107,0.151,0.994
526,527,0.0738,0.108,0.153,1.0
527,528,0.0752,0.11,0.157,1.01
528,529,0.0766,0.106,0.148,0.988
529,530,0.078,0.105,0.149,1.0
530,531,0.0794,0.108,0.153,1.0
531,532,0.0809,0.104,0.148,1.0
532,533,0.0824,0.106,0.15,0.998
533,534,0.0839,0.102,0.144,0.999
534,535,0.0855,0.104,0.146,0.997
535,536,0.0871,0.105,0.149,1.01
536,537,0.0887,0.106,0.15,1.0
537,538,0.0903,0.102,0.143,0.993
538,539,0.092,0.0985,0.138,0.99
539,540,0.0937,0.102,0.143,0.998
540,541,0.0955,0.0981,0.138,0.996
541,542,0.0972,0.0967,0.135,0.985
542,543,0.099,0.0997,0.141,1.0
543,544,0.101,0.0971,0.139,1.01
544,545,0.103,0.0953,0.134,0.994
545,546,0.105,0.0949,0.135,1.0
546,547,0.107,0.0954,0.134,0.997
547,548,0.109,0.0933,0.131,0.995
548,549,0.111,0.0937,0.132,0.999
549,550,0.113,0.0926,0.131,1.0
550,551,0.115,0.0918,0.13,1.0
551,552,0.117,0.0915,0.13,1.0
552,553,0.119,0.0889,0.126,0.998
553,554,0.121,0.0906,0.128,0.999
554,555,0.123,0.0889,0.126,1.0
555,556,0.126,0.0893,0.127,1.0
556,557,0.128,0.0894,0.126,0.997
557,558,0.13,0.0889,0.125,0.996
558,559,0.133,0.0866,0.121,0.992
559,560,0.135,0.088,0.125,1.0
560,561,0.138,0.0858,0.122,1.01
561,562,0.14,0.0852,0.12,0.995
562,563,0.143,0.0856,0.121,1.0
563,564,0.146,0.0869,0.123,1.0
564,565,0.148,0.084,0.119,0.999
565,566,0.151,0.0833,0.119,1.01
566,567,0.154,0.0847,0.12,1.0
567,568,0.157,0.083,0.117,0.996
568,569,0.16,0.0819,0.116,1.0
569,570,0.163,0.0843,0.119,0.998
570,571,0.166,0.0839,0.119,1.0
571,572,0.169,0.0874,0.124,1.0
572,573,0.172,0.0866,0.124,1.01
573,574,0.175,0.0827,0.118,1.01
574,575,0.178,0.0836,0.119,1.01
575,576,0.182,0.0844,0.122,1.02
576,577,0.185,0.0868,0.127,1.04
577,578,0.188,0.0849,0.124,1.04
578,579,0.192,0.0858,0.125,1.03
579,580,0.195,0.0866,0.126,1.03
580,581,0.199,0.0888,0.13,1.04
581,582,0.203,0.0891,0.131,1.04
582,583,0.206,0.0928,0.137,1.04
583,584,0.21,0.0917,0.136,1.05
584,585,0.214,0.0898,0.133,1.05
585,586,0.218,0.0937,0.138,1.04
586,587,0.222,0.0879,0.128,1.03
587,588,0.226,0.0877,0.127,1.02
588,589,0.23,0.0849,0.122,1.01
589,590,0.235,0.0815,0.116,1.01
590,591,0.239,0.0782,0.111,1.0
591,592,0.244,0.0812,0.114,0.996
592,593,0.248,0.0767,0.11,1.01
593,594,0.253,0.0793,0.112,1.0
594,595,0.257,0.0756,0.106,0.991
595,596,0.262,0.0772,0.109,0.996
596,597,0.267,0.0817,0.115,0.992
597,598,0.272,0.0781,0.109,0.985
598,599,0.277,0.0757,0.105,0.983
599,600,0.282,0.0758,0.106,0.991
